,10 years,20 years,30 years,40 years,50 years,60 years,70 years,80 years,91 years
0,7.41047035,7.47563333,7.31350572,7.22763972,7.35795689,7.09016873,7.30645587,7.26843931,7.17109998
1,7.43618721,7.63020242,7.59869573,7.48354498,7.56593869,7.41525923,7.63206937,7.61200741,7.73008967
2,7.74041554,7.69826074,7.65189771,7.75529999,7.64634560,7.51632063,7.56769717,7.62946094,7.78578692
3,7.36839697,7.73642525,7.66176039,7.64370784,7.52601817,7.39543113,7.55874177,7.34371190,7.19002416
4,7.51628847,7.48390208,7.43298848,7.33304204,7.14442823,7.17618883,7.37167523,7.16129935,6.62511346
5,7.47450616,7.60799526,7.61075001,7.62112892,7.41463425,7.50826173,7.79284589,7.56900951,7.03194119
6,7.29409859,7.50831841,7.51965627,7.30953282,7.24878683,7.02511883,7.41545087,7.09911935,6.90003095
7,7.42007695,7.12951921,7.27593070,7.16738092,6.88869855,6.79225075,7.03400864,6.66248890,6.37892784
8,6.86728787,7.14610334,7.14255036,7.01274984,7.06461913,6.81434199,6.86771367,6.65897640,6.16740003
9,7.06545397,7.33241182,7.24543056,7.18832088,7.26978435,7.09056203,7.18953027,6.98141921,6.72460556
10,6.28619193,6.93760253,6.91667399,6.78551471,6.92134465,6.55567725,6.74770687,6.33344605,5.38218170
11,7.43761601,7.44684449,7.33463201,7.38359621,7.24611256,7.18486263,7.44226997,7.18504443,6.82473700
12,6.43235383,6.94096771,6.98942638,6.81801851,6.93116277,6.78289925,6.80629783,6.67087894,6.56917111
13,7.96237503,8.13930614,8.31579005,8.69943946,8.47017055,8.87098775,8.67905199,8.95686331,8.81739557
14,7.63225984,7.48566170,7.59404664,7.53175705,7.46812749,7.67346099,7.94289329,7.94289092,7.97946685
15,7.93559863,7.70073024,7.83634254,7.85234637,7.71993209,7.85071065,7.96995839,8.14366674,8.96514331
16,7.17859934,7.40008084,7.50539823,7.48436270,7.26099449,7.46187983,7.58923297,7.62804542,8.20900991
17,6.29368553,7.18776731,7.14322644,6.87762727,7.03223347,6.52926905,6.73373617,6.43944662,5.76336534
18,7.46682806,7.56731414,7.41318942,7.57593185,7.45985416,7.17244783,7.25410280,7.20847282,7.34501772
19,8.00462583,7.73445472,7.73386452,8.22545703,7.84134227,7.89676365,7.93821339,8.49427008,9.28364535
20,7.33997120,7.29336702,7.56116239,7.92791117,7.44953026,7.61520463,7.29231850,7.78880996,7.91491609
21,7.96610343,7.78345770,7.59638777,7.84233939,7.64573172,7.30046073,7.42987297,7.45695840,8.32697673
22,6.86003147,7.36765227,7.29384881,7.36433925,7.27924323,6.92369013,6.89236437,6.78371619,7.22443664
