,10 years,20 years,30 years,40 years,50 years,60 years,70 years,80 years,91 years
0,1.35075420,1.30806340,1.48205140,1.48132890,1.45033390,1.39082200,1.46114450,1.47418350,1.67898940
1,1.44566100,1.49257220,1.51114700,1.50897230,1.38751360,1.33269900,1.41952050,1.46175690,1.71659830
2,1.58184890,1.78039190,1.90802540,1.73638650,1.90613990,1.98792830,2.11817580,2.16846810,2.30524470
3,1.49573320,1.64564730,1.72242490,1.64664770,1.71103160,1.56546190,1.53634990,1.91344020,2.09198360
4,1.20548860,1.61242510,1.61006070,1.67236020,1.76670370,1.56890970,1.46600410,1.70087640,1.91883830
5,1.30475850,1.43128400,1.36867160,1.23989160,1.37181040,1.11170120,1.06062810,1.45349120,1.60128430
6,1.67350150,1.91993260,1.75273020,1.93685950,1.89716650,1.79689650,1.82382250,1.97899250,2.16161330
7,1.08182430,1.71562710,1.31752270,1.60862390,1.63642790,1.54500470,1.47257840,1.60158730,1.59744020
8,1.24575760,1.46731270,1.37748550,1.46750380,1.33190870,1.51840490,1.50181180,1.59459800,1.60111500
9,1.34848110,1.37653250,1.55348650,1.40564370,1.24705780,1.27892280,1.30764960,1.53725080,1.72659870
10,0.94665695,1.22905740,1.08080550,1.12257970,0.84039820,0.84800978,0.97418007,1.06109530,1.30135630
11,1.61534500,1.98009280,1.94995070,1.96022860,1.89241160,1.79866110,1.73104960,2.06107060,2.09336120
12,1.31191050,1.44833070,1.52717330,1.59211480,1.56426960,1.33820830,1.28728390,1.40749190,1.33358820
13,1.04896310,1.39178040,0.66664412,1.04810770,0.84762869,0.76656959,0.90212672,0.93489022,1.46377080
14,1.09611290,1.65194050,1.69240070,1.63974880,1.81566340,1.43497270,1.37203800,1.40336500,1.67308350
15,1.42718480,1.56714120,1.47109950,1.66027520,1.72002100,1.49157450,1.46747570,1.48878060,1.47697710
16,1.53377000,1.65199430,1.57439340,1.74411770,1.76832410,1.52108040,1.35314890,1.48691040,1.46431520
17,1.18339600,1.13863150,1.02105050,1.17953030,1.07721680,1.20052220,1.26775540,1.31096650,1.31629970
18,1.70222660,2.00065780,2.19699170,2.00324700,1.93336730,1.98763810,2.06783540,2.23645510,2.17876260
19,0.71602761,1.44938720,1.51007490,1.22552940,1.61949790,1.42328680,1.34023740,1.46279320,1.40370760
20,0.96113155,1.62580650,1.18885040,1.31601570,1.50689210,1.23195920,1.34182870,1.35726000,1.33791830
21,1.32002710,1.70813370,2.01912620,1.89003210,1.88298080,1.92851450,2.00331090,2.19927630,1.97050020
22,1.18006010,1.26156930,1.23165230,1.30934210,1.04788170,1.12497190,1.21173210,1.36381840,1.19220490
