,10 years,20 years,30 years,40 years,50 years,60 years,70 years,80 years,91 years
0,1.53077364,1.80428791,2.15122151,2.19725585,1.99207628,2.04025412,2.16106462,2.02329540,1.83596575
1,1.53088570,1.77603769,1.90987945,1.95308042,1.99207628,2.07148361,1.92472386,1.99209797,2.17842770
2,1.53082466,1.77623570,1.90742064,1.90414727,1.99207628,2.11511326,2.06656218,2.04943275,2.12309074
3,1.53115094,1.72730303,1.88004613,1.91630316,1.99207628,2.12190080,1.96299720,2.05740023,2.11429739
4,1.52907073,1.78940654,2.05098391,2.13775444,1.99207628,2.11877966,2.16990376,1.92950046,1.80422211
5,1.58598435,1.77627015,1.88617110,1.92759597,1.99207628,2.08070993,1.81218910,2.06190681,2.02726936
6,1.53116703,1.77160430,2.02505207,2.16992807,1.99207628,2.05624628,2.15249586,2.04858541,1.95418990
7,1.50606585,2.16413617,2.12730670,2.15148711,1.99207628,1.79318237,1.90586627,1.49525928,1.60926187
8,1.65071952,2.17333102,2.18273020,1.99882936,1.99207628,1.88577032,1.68704963,1.27116799,1.16734159
9,1.52539229,1.93103576,2.18686318,2.18085241,1.99207628,1.96796894,2.02313137,1.52704835,1.48679376
10,1.53096223,2.25810885,1.98253345,1.49464679,1.99207628,1.47218037,1.41639280,1.18497586,1.08347154
11,1.53170168,1.78346324,2.01340079,2.18063974,1.99207628,2.12516570,2.14407492,2.05641460,1.96970391
12,1.49630928,2.16381407,2.02317214,1.76044476,1.99207628,1.50777793,1.58921862,1.31226707,1.39626813
13,1.53096223,1.61738431,0.64478678,1.36718524,1.99207628,1.31056690,1.84413886,1.84029257,2.27431488
14,1.53096223,1.77572191,1.90836930,1.93878329,1.99207628,2.02923632,1.70612609,1.99168122,2.22384238
15,1.53950894,1.69729567,1.78691006,1.87418640,1.99207628,1.87559772,1.72147417,1.96656168,2.45403385
16,1.53071868,1.77042997,1.99579406,2.00850344,1.99207628,2.12888813,1.79035723,2.02895117,2.23457551
17,1.53095007,2.23911786,2.13244987,1.71206200,1.99207628,1.28954613,1.28325093,1.16107798,1.06827176
18,1.51608765,1.78592062,2.07706380,2.10751510,1.99207628,2.06814861,2.16884208,2.05191970,2.07234836
19,1.53096211,1.62701547,1.86327004,1.65542936,1.99207628,1.83737934,1.74279630,1.96716392,2.43307924
20,1.53593504,1.77992630,1.89499378,1.89585626,1.99207628,2.12666082,2.15851641,2.08644247,2.16023135
21,1.53096223,1.77602410,1.90197873,1.91308081,1.99207628,2.06070852,1.89746356,2.05383730,2.25999069
22,1.53096223,1.88068461,2.14383674,2.19644117,1.99207628,1.88471055,2.10113096,1.80725789,2.00094891
