,10 years,20 years,30 years,40 years,50 years,60 years,70 years,80 years,91 years
0,1.36884520,1.43405930,1.75579040,1.63199450,1.55612300,1.57566140,1.49868110,1.48054820,1.75531460
1,1.56533960,1.62669110,1.78667110,1.74554930,1.63660390,1.58393450,1.58527440,1.48209220,1.78046320
2,1.73741950,1.94044360,2.18619930,1.94967270,2.07439530,2.21681420,2.21407170,2.11075150,2.45097960
3,1.61188620,1.61653490,1.85859520,1.80518280,1.87451050,1.86643390,1.79663180,1.80479290,2.12970520
4,1.31627680,1.67778830,1.76262350,1.84014410,1.90234000,1.62896510,1.67754820,1.76753390,1.98083100
5,1.27470530,1.37755630,1.45163600,1.43403650,1.50124530,1.35046480,1.24224220,1.39177810,1.84961250
6,1.63594870,1.84179890,2.04686450,2.18229420,2.09156650,2.01316980,1.89389270,1.96457230,2.21260070
7,1.14386180,1.73533380,1.44587240,1.66070510,1.67930740,1.65193900,1.59854550,1.64795670,1.61033090
8,1.25462450,1.54997570,1.55856620,1.65353480,1.37925440,1.46230440,1.58012820,1.67934030,1.68497290
9,1.34121340,1.40906140,1.65742040,1.56938400,1.44554640,1.42092980,1.42493550,1.59338110,1.74882000
10,1.03667790,1.23490690,1.14092310,1.30819730,1.08163650,0.97031966,0.97484388,1.04454780,1.28583190
11,1.63562670,1.97122970,2.02632850,2.23555250,2.12048450,1.98824820,1.96977320,2.03324840,2.24401350
12,1.34303060,1.49557610,1.60646130,1.72911900,1.72587570,1.57281620,1.49427410,1.49406840,1.36923620
13,0.89807232,1.08955690,0.69692311,1.27711760,0.99902710,0.87720424,0.91006692,0.89187062,1.29242190
14,1.26510230,1.58119340,1.68142560,1.78326910,1.91267540,1.69756710,1.43735070,1.59898670,1.66398860
15,1.56603650,1.65482070,1.54150750,1.82289030,1.93729860,1.82080250,1.66830610,1.61527800,1.52802320
16,1.73701940,1.71533000,1.75196530,1.84560130,2.03098640,1.79978010,1.48126240,1.55076980,1.47461490
17,1.25227070,1.16002900,1.16436020,1.28669850,1.18467110,1.38895640,1.28637280,1.29323200,1.40252440
18,1.64048480,2.06407430,2.20929240,2.17536700,1.94622290,2.18272620,2.12775180,2.10978710,2.17664070
19,0.97796423,1.38707140,1.68937610,1.43336090,1.68413590,1.76362420,1.58335280,1.57879260,1.38827130
20,1.17732920,1.56625870,1.18567920,1.28728540,1.60829590,1.42903060,1.53278350,1.41359930,1.34253070
21,1.35424590,1.87296930,1.98843310,1.93261880,2.00724560,2.00289780,1.99280900,2.03271300,1.95432820
22,1.14551190,1.26808980,1.28425730,1.42032420,1.27289700,1.33637890,1.20426360,1.28812440,1.19744160
