,10 years,20 years,30 years,40 years,50 years,60 years,70 years,80 years,91 years
0,1.41221797,1.87636518,1.95838439,1.79862118,1.98686624,1.91332746,1.86777270,1.90655863,1.63854849
1,1.53945029,1.87636518,1.76587176,1.79862118,1.59647453,1.72986317,1.75015235,2.00040197,2.07140112
2,1.41221797,1.87636518,1.76215839,1.79862118,1.59735513,1.82743025,1.93981338,2.03819513,2.03066492
3,1.41221797,1.87636518,1.77380133,1.79862118,1.62465811,1.79033434,1.69157100,2.02752209,1.92858183
4,1.38990283,1.87636518,1.93527913,1.79862118,2.00603747,1.92265332,1.97562838,1.87559688,1.58129179
5,1.41221797,1.87636518,1.80297112,1.79862118,1.66083169,1.75308037,1.65529096,2.03534794,2.01463842
6,1.41221797,1.87636518,1.85026813,1.79862118,1.83534169,1.93647754,1.98480213,1.92102349,1.72012293
7,1.41221797,1.87636518,1.99119949,1.79862118,1.72610676,1.56174815,1.62834859,1.40102410,1.30612385
8,1.41221797,1.87636518,1.97337079,1.79862118,1.93482661,1.42949581,1.30680168,1.21583772,1.04313672
9,1.41221797,1.87636518,1.98276484,1.79862118,1.99806547,1.80721533,1.75369906,1.45205140,1.21971619
10,1.41221797,1.87636518,1.58489633,1.79862118,1.56788588,1.27728248,1.08696938,1.03287673,0.97793221
11,1.41221797,1.87636518,1.94198394,1.79862118,1.84755230,1.93383574,1.89589906,1.92021990,1.87882960
12,1.41221797,1.87636518,1.65332472,1.79862118,1.46947372,1.44136310,1.44534707,1.26925409,1.16873991
13,1.41221797,1.87636518,1.22441292,1.79862118,1.36308670,1.50095463,1.72075558,1.89818144,2.30171347
14,1.41221797,1.87636518,1.87663126,1.79862118,1.78224468,1.67284834,1.62134123,1.98393762,2.08707666
15,1.41221797,1.87636518,1.66644716,1.79862118,1.63325453,1.55248618,1.67383480,2.01899529,2.28706074
16,1.41221797,1.87636518,1.88035965,1.79862118,1.85881507,1.85062718,1.67582738,2.01078939,2.10386038
17,1.41221797,1.87636518,1.86751652,1.79862118,1.46527541,1.19241071,1.10080934,1.02360797,0.92706764
18,1.41221797,1.87636518,1.99729657,1.79862118,1.81954932,1.93504930,1.93083119,1.77460563,1.80197680
19,1.41221797,1.87636113,1.72595203,1.79862118,1.60934639,1.53863668,1.71911550,2.01789999,2.29535770
20,1.41221797,1.87636518,1.85202861,1.79862118,1.94575846,1.88919926,1.95785856,2.03520298,2.00209761
21,1.41221797,1.87636518,1.87588120,1.79862118,1.59704399,1.85587943,1.90963054,2.00701761,2.11006975
22,1.41221797,1.87636518,2.00020027,1.79862118,1.96919775,1.80455017,1.63954687,1.49800885,1.70324767
