,10 years,20 years,30 years,40 years,50 years,60 years,70 years,80 years,91 years
0,1.17773610,1.28358870,1.34316750,1.20945430,1.28768350,1.16672910,1.29344790,1.23333350,1.39519150
1,1.15568530,1.55340740,1.33113940,1.26443670,1.20522600,1.11026170,1.20873510,1.23259880,1.45457170
2,1.29586390,1.68973100,1.63156820,1.45429090,1.67830740,1.81451480,1.86009420,1.85809750,2.03472410
3,1.35477160,1.51870400,1.44994470,1.41769050,1.51430080,1.34017110,1.38651400,1.46842650,1.81842930
4,1.06323120,1.48600990,1.37185140,1.39835650,1.65756960,1.28844700,1.34027400,1.50267610,1.85148000
5,1.18579640,1.18507040,1.14458510,0.96952209,1.12665060,0.87369613,1.03124850,0.98591771,1.51116210
6,1.48930320,1.69336110,1.58188090,1.61093530,1.73004400,1.51215760,1.58538810,1.53433510,1.93524940
7,0.81270172,1.33771720,1.21398070,1.22195310,1.31532730,1.21105260,1.31119890,1.29184540,1.50836990
8,1.05535310,1.27244590,1.16085750,1.20460950,1.33025500,1.17507850,1.26279900,1.40768990,1.40301540
9,1.09757100,1.29924410,1.23183910,1.17311760,1.28769490,1.02262130,1.09769030,1.25321700,1.53479470
10,0.81109928,1.13835610,0.82187882,0.88444160,0.79104288,0.55478798,0.61420408,0.67798232,0.99177926
11,1.27836790,1.80166280,1.67375000,1.77760840,1.64038990,1.60305890,1.50772330,1.69049500,1.91604990
12,1.04533000,1.34675290,1.32866860,1.33998360,1.50918320,1.05521820,1.11760450,1.21790620,1.13673670
13,0.82491332,1.34346850,0.79205459,0.87166401,0.80146105,0.51927678,0.72407580,0.82938272,1.16775620
14,1.11213900,1.41187040,1.50931150,1.29630000,1.50584610,1.07809330,1.22386510,1.29861810,1.26903860
15,1.30707270,1.39420680,1.26960640,1.32304680,1.60387150,1.21380010,1.23549490,1.28366470,1.28873200
16,1.21308460,1.40895030,1.32580010,1.31325520,1.63178160,1.20227320,1.14434610,1.34456250,1.19774360
17,0.99979340,1.10456600,0.89815542,0.97018372,0.94162960,0.99872187,1.07541910,0.97683979,1.13860320
18,1.41435410,1.95143680,1.96961690,1.84596020,1.85489490,1.83963970,1.98964090,1.87256090,1.86106520
19,0.83426545,1.10818490,1.38293880,1.04582080,1.21647340,1.26143460,1.28896520,1.19874330,1.24910330
20,0.91022775,1.33533470,1.12479880,0.90742080,1.18060280,0.96398077,1.25850510,1.07522560,1.18404430
21,1.13816040,1.69693120,1.85575090,1.71953220,1.83202800,1.78806220,1.83275270,1.84792540,1.80799630
22,1.07039740,1.25650240,1.10984800,1.10630410,1.03807000,0.98362136,1.14540340,0.91167233,1.01572510
