,10 years,20 years,30 years,40 years,50 years,60 years,70 years,80 years,91 years
0,1.20867693,1.59886396,1.78348362,1.79458380,1.81511760,1.45734632,1.58970010,1.57533503,1.47398543
1,1.20867693,1.59886408,1.57821262,1.56113493,1.55643654,1.45734632,1.58565319,1.77317190,1.89258838
2,1.35577023,1.59886408,1.50291479,1.43541086,1.54312098,1.45733106,1.71447861,1.77857423,1.83952975
3,1.20961392,1.59886408,1.52914035,1.55198181,1.64569366,1.45734632,1.58364010,1.78009295,1.71839881
4,1.21130109,1.59886408,1.76660621,1.77950013,1.75815248,1.45563805,1.78131330,1.48182058,1.09781909
5,1.20867693,1.59886420,1.61905181,1.52402329,1.65137529,1.45734632,1.64481854,1.77459073,1.62066531
6,1.20867693,1.59886408,1.72055781,1.74037743,1.81553864,1.45734632,1.78881729,1.75655532,1.46017241
7,0.92181492,1.59886432,1.74736869,1.70143652,1.65457845,1.45243526,1.32167768,1.21481323,0.90544152
8,1.20867693,1.59886408,1.69246912,1.55378616,1.39226496,1.45734632,1.15943062,0.87069917,0.81858516
9,1.20867693,1.59886420,1.76159680,1.70424545,1.60612345,1.45727551,1.53901684,1.21813917,0.99034524
10,1.20867693,1.59886408,1.35612273,1.07628536,1.16095304,1.45734632,0.99978328,0.86603904,0.52682376
11,0.93007469,1.59886408,1.75938118,1.79652047,1.77765560,1.68957067,1.70051718,1.71563530,1.54563403
12,1.20867693,1.59886408,1.34615159,1.24908853,1.10981512,1.35976434,1.16987896,0.91485643,0.95100236
13,1.27743864,1.59886408,1.15628290,1.16681349,1.45095515,1.45734632,1.55326068,1.70550728,1.99511695
14,1.20874369,1.59886420,1.74185550,1.53098392,1.69489694,1.45734632,1.51685095,1.76452792,1.99055362
15,1.20867634,1.59886408,1.39821136,1.34588540,1.46853614,1.45734632,1.62711322,1.72848117,2.02895617
16,1.65324020,1.59886420,1.71514428,1.59726262,1.82761312,1.45734632,1.53376031,1.77862751,1.94333148
17,1.20842016,1.59886432,1.46408820,1.12150633,1.17612469,1.45734632,0.94119465,0.77440548,0.54733253
18,1.20867693,1.59886432,1.77781880,1.79801500,1.82924080,1.45734632,1.52791882,1.61024165,1.65114951
19,1.20867693,1.59886396,1.54014051,1.25384176,1.41399395,1.45734632,1.58060789,1.72926724,2.02886558
20,1.20867693,1.59886444,1.76502931,1.48184967,1.78385639,1.68195784,1.77844775,1.76551247,1.67677760
21,1.20867693,1.59886420,1.74915349,1.67784750,1.68508351,1.45734632,1.75404954,1.76086247,1.88352084
22,1.20867693,1.59886408,1.69508421,1.66129112,1.71951079,1.45734632,1.15883350,1.52600789,1.37272525
