,10 years,20 years,30 years,40 years,50 years,60 years,70 years,80 years,91 years
0,1.37971938,2.38928747,2.08512855,2.53031874,2.20936227,2.23161936,2.38054419,2.34491467,2.35511279
1,1.37966633,2.38914871,1.92144287,2.29664111,2.20936227,2.22121525,2.03452516,2.36451888,2.49238896
2,1.37969232,2.38911557,1.89226568,2.18068933,2.20936227,2.15667748,2.11492515,2.35957813,2.50036550
3,1.45985591,2.38910437,1.88654447,2.20163536,2.20936227,2.23270893,2.12624526,2.37105894,2.36395955
4,1.37966633,2.38927794,1.99732864,2.44458842,2.20936227,2.27716923,2.33473492,2.28435183,1.93042254
5,1.32502174,2.38916326,1.91510987,2.20958376,2.20936227,2.16195107,1.87726045,2.37468362,2.27674937
6,1.37966633,2.38925099,1.95877588,2.46707678,2.20936227,2.17045498,2.29397631,2.23691130,2.18102121
7,1.37966633,2.38974977,2.12934041,2.55327868,2.20936227,1.82507861,2.28091955,1.73712158,1.69194913
8,1.37966633,2.38973236,2.34018445,2.48106694,2.20936227,1.86146009,1.98597336,1.73274314,1.52203465
9,1.37966633,2.38947940,2.17164898,2.54810524,2.20936227,2.23192072,2.40273881,2.12492919,2.02672410
10,1.37966633,2.38983989,2.46965384,2.06956196,2.20936227,1.50426805,1.75298464,1.40017307,1.49115431
11,1.37966633,2.38932228,2.06421041,2.39345288,2.20936227,2.27949762,2.26586008,2.30012751,2.11799264
12,1.37966621,2.38984013,2.50270605,2.14039588,2.20936608,1.80976093,1.86271298,1.74761033,1.87515545
13,1.37966633,2.38921714,1.41767502,0.92489493,2.20936227,1.08820283,2.03177142,1.79376340,2.73879957
14,1.37966633,2.38927579,1.92383814,2.25856018,2.20936227,2.06117344,1.84681559,2.21545553,2.53437066
15,1.37966633,2.38911462,1.77553356,2.16723680,2.20936227,1.96507025,1.85505688,2.09913492,2.74020648
16,1.42192876,2.38938355,1.96493006,2.29593611,2.20936227,2.19218278,2.08772206,2.35999537,2.59227657
17,1.37966633,2.38968301,2.33905888,2.26480651,2.20936227,1.48169339,1.72890425,1.48737085,1.38525891
18,1.69319344,2.38919473,2.00768495,2.23073530,2.20936227,2.27603936,2.40120411,2.31438875,2.42155194
19,1.37966633,2.38910484,1.84274340,1.74520850,2.20936227,1.93542290,1.84578443,1.91849804,2.67842340
20,1.37966526,2.38953638,1.94002438,2.14133358,2.20936227,2.09443831,2.38767433,2.29671144,2.52163577
21,1.37966633,2.38909769,1.92263532,2.16928148,2.20936227,2.27484369,2.27912045,2.38589764,2.62748671
22,1.37966633,2.38942862,2.10713124,2.41316795,2.20936227,2.03657484,2.03548098,1.89060354,2.37898254
