,10 years,20 years,30 years,40 years,50 years,60 years,70 years,80 years,91 years
0,7.14251995,7.29653311,7.21053267,7.23845530,7.24138260,7.09845924,7.14278936,7.14027023,7.11027622
1,7.14251995,7.29653311,7.21053267,7.23845530,7.24138260,7.10048723,7.14387798,7.14112997,7.11027622
2,7.14251995,7.29653311,7.21053267,7.23845530,7.24138260,7.10233116,7.14484406,7.14184332,7.11027622
3,7.14251995,7.29653311,7.21053267,7.23845530,7.24138260,7.10399103,7.14568758,7.14241695,7.11027622
4,7.14251995,7.29653311,7.21053267,7.23845530,7.24138260,7.10546970,7.14641047,7.14285994,7.11027622
5,7.14251995,7.29653311,7.21053267,7.23845530,7.24138260,7.10677195,7.14701700,7.14318275,7.11027622
6,7.14251995,7.29653311,7.21053267,7.23845530,7.24138260,7.10790539,7.14751244,7.14339685,7.11027622
7,7.14251995,7.29653311,7.21053267,7.23845530,7.24138260,7.10887957,7.14790392,7.14351273,7.11027622
8,7.14251995,7.29653311,7.21053267,7.23845530,7.24138260,7.10970402,7.14819956,7.14354372,7.11027622
9,7.14251995,7.29653311,7.21053267,7.23845530,7.24138260,7.11039019,7.14840794,7.14350080,7.11027622
10,7.14251995,7.29653311,7.21053267,7.23845530,7.24138260,7.11095047,7.14853811,7.14339638,7.11027622
11,7.14251995,7.29653311,7.21053267,7.23845530,7.24138260,7.11139631,7.14859962,7.14324141,7.11027622
12,7.14251995,7.29653311,7.21053267,7.23845530,7.24138260,7.11174059,7.14860201,7.14304638,7.11027622
13,7.14251995,7.29653311,7.21053267,7.23845530,7.24138260,7.11199474,7.14855433,7.14282179,7.11027622
14,7.14251995,7.29653311,7.21053267,7.23845530,7.24138260,7.11217117,7.14846563,7.14257574,7.11027622
15,7.14251995,7.29653311,7.21053267,7.23845530,7.24138260,7.11228132,7.14834404,7.14231682,7.11027622
16,7.14251995,7.29653311,7.21053267,7.23845530,7.24138260,7.11233473,7.14819717,7.14205217,7.11027622
17,7.14251995,7.29653311,7.21053267,7.23845530,7.24138260,7.11234236,7.14803314,7.14178801,7.11027622
18,7.14251995,7.29653311,7.21053267,7.23845530,7.24138260,7.11231327,7.14785671,7.14152861,7.11027622
19,7.14251995,7.29653311,7.21053267,7.23845530,7.24138260,7.11225462,7.14767456,7.14127874,7.11027622
20,7.14251995,7.29653311,7.21053267,7.23845530,7.24138260,7.11217451,7.14749098,7.14104176,7.11027622
21,7.14251995,7.29653311,7.21053267,7.23845530,7.24138260,7.11207962,7.14731026,7.14081955,7.11027622
22,7.14251995,7.29653311,7.21053267,7.23845530,7.24138260,7.11197424,7.14713478,7.14061403,7.11027622
