,10 years,20 years,30 years,40 years,50 years,60 years,70 years,80 years,91 years
0,6.99449730,7.26600409,7.39613676,7.45259762,7.46481228,7.07236528,7.10409975,7.15711355,6.95215607
1,7.32770824,7.55299282,7.69119310,7.67861509,7.70425463,7.54272842,7.61678362,7.79334736,7.75138950
2,7.95081472,7.70389318,7.72283459,7.72958708,7.70878506,7.37223387,7.60306692,7.66673851,7.63236427
3,7.25394630,7.77956820,7.71207142,7.68136024,7.68479538,7.47022533,7.61729670,7.73242569,7.38912773
4,7.30355835,7.34912777,7.53134298,7.58198738,7.31822062,7.14424419,7.47642374,6.99588871,6.32800961
5,7.15275431,7.65694046,7.67192698,7.69046402,7.68385506,7.52894020,7.60905075,7.78469467,7.20871353
6,7.17192221,7.49451494,7.60153246,7.61904764,7.61216259,7.18489075,7.52417374,7.55485344,6.92858791
7,6.79886436,7.06647873,7.22644615,7.20520020,7.11900520,6.88131237,6.69229650,6.56495047,6.01244164
8,6.70106459,6.93492937,7.07867002,6.93455505,6.67449617,6.80349159,6.44098902,5.98656654,5.86825562
9,6.82390499,7.03259182,7.27522421,7.21092606,7.03399467,6.98533726,7.02401447,6.57024622,6.15209293
10,6.18764019,6.44719791,6.41142750,6.10263014,6.25965309,6.62035704,6.16473675,5.97762012,5.36084366
11,7.07628965,7.34886885,7.54733038,7.53961945,7.64954710,7.45120144,7.60497808,7.43912601,7.07585335
12,6.59957027,6.81808090,6.39277363,6.42248344,6.14662409,6.65427589,6.45763493,6.06834936,6.08749771
13,7.92490292,8.00330544,8.04118538,7.99507380,8.29026318,8.54473019,8.47380066,8.51912308,8.47307205
14,7.53264475,7.65827703,7.57620096,7.68808365,7.67633152,7.75498104,7.68866587,7.83671236,8.02522659
15,7.81736183,7.99997854,7.76823521,7.78849554,7.75490379,7.92911053,8.09782219,8.12173367,8.31700706
16,7.74918365,7.60434818,7.60694504,7.66856480,7.57508945,7.48764133,7.64665413,7.66730642,7.87932587
17,6.19553518,6.61198425,6.61328506,6.19304037,6.29019928,6.38646555,5.83157301,5.77521181,5.39849567
18,7.27007580,7.28229141,7.34964371,7.53094101,7.54964495,7.04362440,7.00673199,7.22074032,7.26394367
19,8.00520134,8.13756561,7.70751238,7.86825228,7.88081455,7.86576223,7.96220398,8.17527485,8.31851864
20,7.13977909,7.42613888,7.53514433,7.70685768,7.64570332,7.60645008,7.46609211,7.58910990,7.31105232
21,7.92939091,7.61684084,7.56541061,7.64629364,7.67814970,7.30226421,7.59109116,7.57050896,7.73022366
22,6.60981655,6.99667120,7.08495760,7.12680244,7.23952389,6.86817217,6.44003487,7.07076359,6.78105259
