,10 years,20 years,30 years,40 years,50 years,60 years,70 years,80 years,91 years
0,7.02502060,7.51903009,7.43215418,7.18476057,7.47391033,7.30425358,7.21447563,7.24748707,6.83292150
1,7.36850595,7.89132881,7.69884491,7.67156601,7.56200504,7.59280777,7.57049751,7.79141951,7.66817570
2,7.72127771,7.89073324,7.70562077,7.81070137,7.53518677,7.56891966,7.57032013,7.61598873,7.55297899
3,7.31558847,7.93012571,7.68425226,7.69904232,7.46702862,7.57792234,7.57539177,7.53484154,7.32575607
4,7.33990288,7.50021362,7.46180630,7.32710457,7.45697117,7.33079672,7.54500866,7.19146490,6.74412346
5,7.23733377,7.68822765,7.63175964,7.69469261,7.44815159,7.58666897,7.59014416,7.57787800,7.51256418
6,7.19126558,7.54544449,7.56039333,7.35136747,7.46484280,7.37928295,7.48172379,7.27466393,6.96217442
7,7.02014494,6.96606970,7.36673498,6.91571426,6.86943340,6.65667295,6.83758736,6.44141960,6.32405329
8,6.71420145,7.01756382,7.14294338,6.91649580,7.21540356,6.43231440,6.34934759,6.14479733,5.89470720
9,6.77653646,7.23280478,7.17474461,7.07277536,7.46657372,7.07897568,7.02873802,6.52012539,6.18966007
10,6.25562334,6.63399792,6.38127422,6.58682775,6.61723089,6.14707184,5.89194679,5.76134491,5.50237465
11,7.22145605,7.44793987,7.45373249,7.35909986,7.46742201,7.49986458,7.57703400,7.27313471,7.23173714
12,6.53653097,6.99400425,6.50144196,6.71988487,6.45119619,6.45288467,6.56342411,6.23316145,6.10838366
13,7.83563232,8.23249435,8.23472595,8.45043755,8.15622711,8.34104538,8.46324539,8.60628891,8.48365402
14,7.75214529,7.69570827,7.52788782,7.61227226,7.45386171,7.61360359,7.64498329,7.95137548,7.71770430
15,7.90079165,8.10454559,7.83497810,7.90400267,7.80347300,7.74647617,7.91256332,8.20713234,8.38686657
16,7.18747616,7.63880539,7.52356720,7.43906069,7.46974945,7.56211472,7.57991838,7.75712061,7.77328348
17,6.21573019,6.85541964,6.89381886,6.66080856,6.44376278,5.91972923,5.79885197,5.69028759,5.60053444
18,7.18574429,7.51057148,7.34174633,7.37425995,7.46148109,7.37332821,7.33144951,7.02121019,7.09707355
19,8.32697964,8.07386112,7.76618767,8.23332310,7.67314243,7.78520060,8.04943943,8.19985771,8.43040657
20,7.29241657,7.41316748,7.55809212,7.61503458,7.48131609,7.54571295,7.56217957,7.57676601,7.48249817
21,7.95106506,7.88313961,7.52876282,7.59656715,7.53915739,7.56034470,7.57611370,7.46531343,7.79426861
22,6.70369482,7.26910543,7.26826954,7.06109428,7.47939873,7.07402515,6.85441923,6.59061861,6.93509531
