,10 years,20 years,30 years,40 years,50 years,60 years,70 years,80 years,91 years
0,5.78582048,5.66714001,5.61265326,5.65801382,5.64969444,5.61501884,5.51439953,5.58177853,5.47817087
1,6.11903143,5.95412874,6.11298037,6.11748028,6.14781809,6.08538198,6.03113031,6.02017546,5.85880136
2,6.59504461,6.10502911,6.21991968,6.29417610,6.16566420,5.91490269,5.88858843,5.88816452,5.79283428
3,6.04433250,6.18070412,6.18293095,6.12937832,6.03910160,6.01287889,6.03365660,5.95233297,5.67072868
4,6.09225702,5.75026369,5.76473665,5.80248737,5.56006813,5.68860626,5.69511032,5.51406813,5.23019028
5,5.94407749,6.05807638,6.05287504,6.16644049,6.03247976,6.07159376,5.96423244,6.01010370,5.58804798
6,5.96324539,5.89565086,5.88097477,5.87867022,5.79662371,5.72754431,5.73535633,5.79829788,5.46841574
7,5.87704945,5.46761465,5.47907734,5.50376368,5.46442699,5.42887735,5.37061882,5.35013723,5.10699987
8,5.49238777,5.33606529,5.38620090,5.38076878,5.28223133,5.34614515,5.28155851,5.11586761,5.04967022
9,5.61522818,5.43372774,5.51362753,5.50668049,5.42787123,5.52806187,5.48499775,5.35210705,5.16174793
10,4.97896338,4.84833384,5.05530453,5.02634478,5.09870005,5.16301060,5.16495323,5.11158085,4.83401966
11,6.14621496,5.75000477,5.78794909,5.74309921,5.87189150,5.76163054,5.90446091,5.72349072,5.53021908
12,5.39089346,5.21921682,5.04662180,5.17339468,5.03680897,5.29451180,5.28775597,5.15349293,5.13649511
13,6.64746428,6.40444088,6.88490295,6.82826042,6.83930826,7.08738375,6.92054033,6.81361532,6.47795486
14,6.32390118,6.05941296,5.83434534,6.15709972,5.98143435,6.29763460,6.17181492,6.07218456,6.03467274
15,6.60868549,6.40111446,6.37002373,6.44261026,6.28636789,6.47176409,6.47070932,6.39325285,6.28805113
16,6.09594345,6.00548410,5.89180088,6.07130241,5.74747658,6.03029490,6.11289358,5.88867903,5.93599463
17,4.98711491,5.01312017,5.14919710,5.07153416,5.11407471,4.92911911,4.89037848,5.00080633,4.85116291
18,6.06139898,5.68342733,5.57182503,5.73292589,5.72040415,5.58627796,5.47881317,5.61049843,5.61279440
19,6.79652405,6.53870201,6.16737175,6.61441040,6.46682072,6.40841579,6.38159609,6.44600773,6.28965330
20,5.93110228,5.82727432,5.77011490,6.22500801,5.86184692,5.92449236,5.68764448,5.82359743,5.63427448
21,6.72071409,6.01797676,5.81625700,5.96844625,5.99306631,5.84491777,5.83704185,5.80964661,5.84670258
22,5.40113974,5.39780712,5.38987350,5.46551132,5.52001286,5.41082573,5.28120136,5.54475594,5.40832758
