,10 years,20 years,30 years,40 years,50 years,60 years,70 years,80 years,91 years
0,7.31385708,7.57157469,7.28886414,7.46830130,7.37727070,7.27683544,7.55510807,7.44970322,7.29412365
1,7.34798241,7.81599712,7.59592199,7.52932262,7.63011742,7.59152174,7.53470230,7.71782303,7.68034172
2,7.81041527,7.92364597,7.65456200,7.72632265,7.72786999,7.62804508,7.55073071,7.72550631,7.71312332
3,7.36954498,7.98401928,7.66512012,7.61876011,7.58158588,7.58318758,7.55309486,7.53029490,7.31139851
4,7.44757128,7.58464813,7.39828682,7.50395203,7.11767960,7.40840530,7.57451820,7.31164265,6.62628174
5,7.33783293,7.78087521,7.60948658,7.60070658,7.44617462,7.62526035,7.53821468,7.69688511,7.15378666
6,7.21787596,7.62325287,7.50279045,7.49936724,7.24455070,7.15062141,7.57753515,7.21922493,6.99931335
7,7.32341051,7.02441120,7.27105331,7.42186737,6.80678463,6.57237911,7.18303585,6.40360498,6.27817154
8,6.84386921,7.05063391,7.26173592,7.17158318,7.02065468,6.63085175,6.72179508,6.39668608,6.01405430
9,6.97941065,7.34516048,7.26301813,7.44080877,7.27007771,7.27753019,7.46037674,7.02210617,6.76689148
10,6.38022614,6.72084904,7.01836681,6.49839544,6.84647274,6.01499510,6.36880064,5.82864857,5.63348246
11,7.34941101,7.52605963,7.30281782,7.51103401,7.24129963,7.41940784,7.57623816,7.34459400,6.90275288
12,6.52638817,6.72617388,7.17150688,6.60666084,6.85841274,6.54770994,6.53711891,6.42016315,6.54610109
13,8.10194588,8.62157440,8.27581215,7.55779457,8.72940922,7.91423845,8.57893181,8.11984825,8.41097641
14,7.70223427,7.58743000,7.59064341,7.54676294,7.51120663,7.68968201,7.65781736,7.80809879,7.83338165
15,8.07516861,7.92755222,7.84227991,7.82462835,7.81733036,7.77082872,7.69312382,7.83700657,8.47818184
16,7.12489080,7.45213127,7.48540926,7.52955961,7.25939178,7.60910988,7.54506302,7.72489977,7.99351358
17,6.38771963,7.11650562,7.26172686,6.79971695,6.98128223,5.96601200,6.33074951,5.99252033,5.69734478
18,7.69832659,7.71654034,7.37596130,7.56980944,7.50114918,7.40353489,7.52341461,7.37580156,7.43801594
19,8.14419651,7.98090219,7.74033642,7.83227253,7.96493149,7.78723431,7.65210629,7.90997314,8.55824184
20,7.26898766,7.28344011,7.55254984,7.88574505,7.48859787,7.66469002,7.54810047,7.77790260,7.79189968
21,8.10567474,8.05842781,7.59330463,7.81514931,7.72712421,7.53035164,7.57710123,7.62704897,8.08125877
22,6.83661318,7.40086746,7.27842045,7.50857306,7.28157711,6.91531229,6.79595327,6.64477491,7.34174633
