,10 years,20 years,30 years,40 years,50 years,60 years,70 years,80 years,91 years
0,5.93413782,5.18228722,5.20373583,4.93798256,5.16790819,5.04521608,5.17456388,5.10478878,4.93901062
1,5.96831608,5.42684841,5.67447901,5.23268175,5.42075539,5.37030649,5.50017738,5.35330391,5.18795300
2,6.43072319,5.53453064,5.76229620,5.54563332,5.51850748,5.47136784,5.43580532,5.36592817,5.21275759
3,5.90968895,5.59491491,5.77857542,5.41712475,5.37222338,5.35047865,5.42684984,5.15923595,4.94743872
4,6.06790495,5.19537020,5.40095806,5.05936337,4.90831709,5.13123608,5.23978329,5.02729082,4.69585943
5,6.01281118,5.39171171,5.69437647,5.39112282,5.23681211,5.46330929,5.66095448,5.32220173,4.87703753
6,5.83820963,5.23400211,5.54401445,5.03229046,5.03518820,4.98016644,5.28355885,4.98231363,4.81829214
7,5.94374418,4.63466167,5.14171314,4.86858892,4.59742212,4.74730062,4.90211630,4.66648340,4.58622217
8,5.46420288,4.66090155,4.92155170,4.69051647,4.81129217,4.76939154,4.73582172,4.66394281,4.49201965
9,5.59974432,4.95568085,5.09136915,4.89270353,5.06071520,5.04560947,5.05763817,4.89717722,4.74016762
10,5.00055981,4.33100939,4.54871321,4.42883348,4.63711071,4.51072693,4.61581612,4.42847538,4.14232826
11,5.96974468,5.13673735,5.23860741,5.11758137,5.03193712,5.13991022,5.31037807,5.04446650,4.78476048
12,5.14672184,4.33633375,4.66880083,4.46626472,4.64904642,4.73794889,4.67440605,4.67255259,4.67094564
13,6.72227955,6.23235703,6.85813713,6.63289976,6.52004719,6.82603550,6.54716063,6.32608509,5.67217731
14,6.32256794,5.19815445,5.66680527,5.28820276,5.30184460,5.62850857,5.81100178,5.59264326,5.29901123
15,6.69550276,5.53843784,6.06674623,5.65739155,5.60796785,5.80575848,5.83806705,5.73787165,5.73797560
16,5.70296192,5.06274748,5.52047920,5.23362350,5.05002928,5.41692734,5.45734119,5.36490440,5.40123701
17,5.00805330,4.72682285,4.92266798,4.53491020,4.77192020,4.48431873,4.60184526,4.50514936,4.31208563
18,6.00513315,5.32734537,5.36827660,5.33907413,5.29178667,5.12749529,5.12221050,5.06141281,5.01646376
19,6.76453018,5.59179735,5.89759302,6.08706427,5.75556898,5.85181141,5.80632162,5.99147511,5.87981844
20,5.88932228,4.89390373,5.61252546,5.74441147,5.27923536,5.57025194,5.16042614,5.48119116,5.27026415
21,6.72600794,5.66933012,5.67066956,5.64586782,5.51776171,5.25550795,5.29798079,5.24115133,5.45377254
22,5.45694685,5.01143885,5.17128944,5.09540510,5.07221460,4.87873745,4.76047230,4.75417137,4.96276379
