,10 years,20 years,30 years,40 years,50 years,60 years,70 years,80 years,91 years
0,7.12548494,7.32095718,7.35125160,7.43272972,7.37333155,7.24634075,7.47023106,7.35785961,6.95401382
1,7.24026299,7.65688229,7.56732845,7.58944798,7.70851660,7.68319273,7.57931519,7.76278019,7.71133757
2,7.68431330,7.63055182,7.57270908,7.70294142,7.76165247,7.62771654,7.60117340,7.68494320,7.49966955
3,7.31836843,7.81017590,7.65432644,7.65818930,7.67096806,7.60851669,7.58653641,7.67336702,7.47375011
4,7.36828232,7.34789181,7.42494822,7.49845409,7.30737400,7.46686792,7.52773952,7.17871094,6.90506124
5,7.44115305,7.64186096,7.63199520,7.62952232,7.64996147,7.67553520,7.56542778,7.66615009,7.27686691
6,7.34776735,7.51881695,7.44104290,7.47723961,7.42717791,7.28277826,7.57934713,7.41664600,7.14525414
7,7.05195522,7.23413372,7.37449265,7.21649933,7.09252357,6.78117323,6.98913813,6.48928547,6.61430073
8,6.94383621,7.23186684,7.17122269,6.93067312,7.22530794,6.94468975,6.65127850,6.11538506,5.93505430
9,6.89697838,7.25494671,7.27490902,7.29126644,7.26209593,7.09772253,7.18088436,6.53899193,6.43451595
10,6.28434658,7.00989151,6.71879387,6.09723568,6.80018282,6.21965933,6.22070599,5.92999077,5.62343884
11,7.32065773,7.36390114,7.44877148,7.46579456,7.38387346,7.50160694,7.58648634,7.43715191,7.17195892
12,6.58950186,7.23420763,6.79200077,6.54470396,6.81219292,6.28469181,6.50030518,6.18959808,6.30026436
13,8.10526752,8.27573681,7.62482119,7.78999186,8.63381863,8.04002380,8.57868767,8.59142017,8.62760353
14,7.70190048,7.66581202,7.57060051,7.60891390,7.56668139,7.70739746,7.66445541,7.76349735,7.86356449
15,7.88923073,7.83779621,7.88503313,7.81695271,7.94501734,7.74035931,7.75937223,8.02820110,8.50279427
16,7.10272741,7.46953440,7.46142960,7.54745960,7.34034824,7.56167603,7.56633425,7.71142292,7.89369869
17,6.26558781,7.19677448,7.01544285,6.46708107,6.86310959,5.82843065,5.96267557,5.84549236,5.65551329
18,7.35135555,7.35671043,7.40921307,7.51103401,7.62115288,7.31133986,7.50954437,7.42519188,7.36956692
19,8.18378735,7.88683128,7.72420406,7.88229942,7.99123430,7.74360561,7.83000517,8.03312206,8.58356476
20,7.19993544,7.37627649,7.60422802,7.74100018,7.42623043,7.58610344,7.57188272,7.57166624,7.63601971
21,8.03559017,7.61796284,7.58555317,7.66843987,7.80992508,7.69079065,7.57444859,7.67869616,7.96036148
22,6.85698700,7.26690483,7.35930061,7.34793234,7.27726221,6.94277859,7.32347202,6.97556210,7.22756004
