,10 years,20 years,30 years,40 years,50 years,60 years,70 years,80 years,91 years
0,5.59471130,5.51666927,5.20003033,5.23547363,5.38125515,5.20608664,5.30916643,5.33456421,5.11804819
1,5.70937729,5.88084459,5.65744877,5.63636780,5.71644020,5.61170912,5.65459108,5.77068233,5.53290987
2,6.15348864,5.85431623,5.66528845,5.79879427,5.76957607,5.51260328,5.53461123,5.63551044,5.37657881
3,5.78721762,6.08287287,5.77428055,5.74188614,5.67889166,5.48661613,5.62353897,5.61596680,5.35945272
4,5.83921146,5.55848551,5.37396431,5.36069965,5.31529760,5.34808826,5.35783577,5.24921036,5.10083914
5,5.85516882,5.86559057,5.74582386,5.70192623,5.65788507,5.59482527,5.75323868,5.60424328,5.24959755
6,5.81660032,5.74721289,5.41599083,5.30731153,5.43510151,5.22653198,5.42685127,5.36806059,5.19106436
7,5.54588938,5.06999779,5.24718571,5.06501198,5.10044718,4.98799086,5.08327198,4.99402618,5.00503874
8,5.29311657,5.05853558,4.98849249,4.93184376,5.23323154,5.05891943,4.96422911,4.84421682,4.76771259
9,5.37158632,5.32391071,5.08804607,5.11041403,5.27001953,5.12975359,5.15775299,5.01194334,4.94772243
10,4.75338459,4.75178289,4.73626041,4.60258913,4.80810642,4.74747896,4.80431318,4.74501514,4.53996706
11,5.78895617,5.58043814,5.43537092,5.28515482,5.39179707,5.37644148,5.44241142,5.38073730,5.20225525
12,5.09319258,5.07039356,4.76882887,4.78425932,4.82011652,4.77691364,4.91108656,4.87733078,4.90399599
13,6.57430506,6.65835238,6.98003435,6.42280674,6.64174223,6.72945642,6.73454905,6.75112772,6.35328913
14,6.17093801,5.89008999,5.66223145,5.67013073,5.57460499,5.67816114,5.95832920,5.77181625,5.63972235
15,6.34972191,6.14050055,6.09812307,5.94276619,5.95294094,5.86476183,6.03789806,6.06163931,6.04875994
16,5.57200861,5.69910431,5.46563578,5.53895617,5.34827185,5.43278790,5.77597713,5.68247175,5.65912342
17,4.73463774,4.95765686,4.88299274,4.75501919,4.87103319,4.53888464,4.67942476,4.68441439,4.58724165
18,5.83526802,5.57078981,5.33214951,5.40351868,5.62907648,5.24319124,5.34070206,5.37327242,5.29721880
19,6.65282536,6.25981569,5.86093426,6.22687006,5.99915791,5.90622616,6.08720875,6.06595850,6.15048552
20,5.66400051,5.59635019,5.70923424,5.84514380,5.43415403,5.45944262,5.41336632,5.48522377,5.47578812
21,6.50462818,5.84193897,5.68357468,5.75535917,5.81784868,5.63008213,5.67698526,5.62485886,5.70037079
22,5.32602501,5.38621998,5.21546412,5.15149117,5.28518581,5.05806780,5.22234106,5.16830397,5.22661114
