,10 years,20 years,30 years,40 years,50 years,60 years,70 years,80 years,91 years
0,5.61280251,5.64266491,5.47376966,5.38613939,5.48704433,5.39092588,5.34670305,5.34092855,5.19437313
1,5.82905579,6.01496363,5.93297291,5.87294483,5.96553040,5.86294460,5.82034492,5.79101753,5.59677458
2,6.30905962,6.01436806,5.94346237,6.01208019,5.93783140,5.74148941,5.63050699,5.57779360,5.52231407
3,5.90337038,6.05376053,5.91045094,5.90042114,5.84237051,5.78758812,5.88382101,5.50731945,5.39717436
4,5.94999981,5.62384844,5.52652740,5.52848339,5.45093393,5.40814352,5.56938028,5.31586790,5.16283178
5,5.82511568,5.81186247,5.82878828,5.89607143,5.78732014,5.83358860,5.93485308,5.54253006,5.49792576
6,5.77904749,5.66907930,5.71012545,5.55274630,5.62950134,5.44280529,5.49692154,5.35364056,5.24205160
7,5.60792685,5.08970451,5.37553549,5.11709309,5.14332676,5.09492493,5.20923901,5.04039526,5.01792955
8,5.30198336,5.14119864,5.16957283,5.11787462,5.28057718,5.00281858,5.04254580,4.92895937,4.85157061
9,5.36431837,5.35643959,5.19197989,5.27415419,5.46850824,5.27176046,5.27503872,5.06807375,4.96994400
10,4.84340525,4.75763273,4.79637814,4.78820658,5.04934502,4.86978912,4.80497742,4.72846794,4.52444267
11,5.80923796,5.57157469,5.51174879,5.56047869,5.61986971,5.56602859,5.68113470,5.35291481,5.35290766
12,5.12431288,5.11763906,4.84811735,4.92126369,4.98172235,5.01152134,5.11807680,4.96390724,4.93964386
13,6.42341423,6.35612917,7.01031303,6.65181684,6.79314089,6.84009075,6.74248934,6.70810795,6.18194008
14,6.33992720,5.81934309,5.65125656,5.81365108,5.67161703,5.94075537,6.02364206,5.96743774,5.63062763
15,6.48857355,6.22817993,6.16853094,6.10538149,6.17021847,6.19398975,6.23872852,6.18813705,6.09980583
16,5.77525806,5.76244020,5.64320755,5.64043951,5.61093426,5.71148729,5.90409088,5.74633121,5.66942310
17,4.80351210,4.97905445,5.02630234,4.86218739,4.97848749,4.72731876,4.69804239,4.66667986,4.67346668
18,5.77352619,5.63420630,5.34445000,5.57563877,5.64193201,5.43827915,5.40061855,5.24660444,5.29509687
19,6.91476202,6.19749975,6.04023552,6.43470192,6.06379604,6.24656391,6.33032417,6.18195772,6.13504887
20,5.88019848,5.53680229,5.70606327,5.81641340,5.53555775,5.65651369,5.60432100,5.54156303,5.48040056
21,6.53884697,6.00677443,5.65288162,5.79794598,5.94211340,5.70446539,5.66648340,5.45829582,5.68419886
22,5.29147673,5.39274025,5.26806927,5.26247311,5.51020098,5.26947498,5.21487236,5.09260988,5.23184776
