2014	2803	1847	2452	2179	2264	2093	2360	2454	2456	2552	2635	1933	2359	2453	2460	2637	2804	2361	2364	2727	1848	1849	1764	1837	1.6076	0.57832	3.0871	1.6076	3.6654	1.8998	95
1730	2141	1520	2411	1518	1803	1795	2321	1581	1974	1283	1965	1285	1721	1521	1714	2145	2142	2232	1643	1284	2498	1975	1806	1805	0.94696	0.44581	9.1432	0.94696	9.589	1.1255	87
4703	4839	4665	4809	4868	4679	4814	4786	4869	4756	4762	4729	4689	4680	4760	4867	4791	4638	4688	4899	4661	4757	4684	4842	4898	0.082965	1.1987	0.3552	0.082965	1.5539	0.23531	101
4138	4151	3828	4102	4184	4236	3908	4229	4101	3742	3829	3161	4226	4046	4194	4235	3984	4227	3741	4234	3985	4193	4047	3907	4045	0.089949	12.227	0.43298	0.089949	12.66	1.506	46
17	21	3	210	120	137	172	24	10	94	4	189	190	67	9	30	36	110	15	66	22	8	126	49	16	0.13606	4.8318	1.3439	0.13606	6.1758	0.60922	101
1990	1345	1350	1091	1472	1241	2327	1140	1398	1604	2233	1994	1235	1995	1240	1186	1190	2242	1290	1237	1294	1298	2074	1238	1601	0.41204	0.83222	8.3269	0.41204	9.1591	0.62241	87
2084	2253	3961	2252	2083	1918	2621	2521	2345	3238	2334	2168	2865	2705	2003	2864	2167	3431	1917	2785	3626	2872	2166	2243	2333	0.37895	1.6521	9.3397	0.37895	10.992	0.85928	91
2562	3852	3847	3761	3926	3680	2480	3928	3849	2653	3927	3687	2563	3764	3765	3381	3479	3846	3848	3925	3851	3850	2385	3929	3931	1.7606	1.1416	3.1694	1.7606	4.3111	2.2999	62
3912	3463	4153	3987	3909	4048	4103	3913	4152	4049	3911	3986	3840	3831	3835	4156	3920	4104	3910	4105	4196	4154	4155	3917	3988	0.7972	0.3439	1.3321	0.7972	1.676	1.0992	62
4213	3703	4441	4025	3864	3775	3946	4068	4439	4416	4177	4012	4386	4023	4069	4459	4415	4007	4413	3872	3939	4458	4123	4384	3938	1.3187	1.8084	5.143	1.3187	6.9514	1.7987	57
779	862	1231	820	668	626	693	657	861	948	694	658	741	905	567	1232	904	780	1228	595	705	950	1230	993	742	0.63381	2.006	5.1287	0.63381	7.1348	1.1475	80
2085	2004	2087	2006	1921	3063	2970	2005	2437	2623	2634	1836	1919	3156	2541	2622	2801	2172	1920	3062	2171	2086	3064	2633	2262	0.25301	8.8215	2.4898	0.25301	11.311	0.73153	84
4302	4339	4344	4284	4198	4493	4455	4363	4118	4315	4285	4456	4492	4238	4443	4420	4272	4286	4475	4111	4273	4369	4454	4109	4474	0.72371	0.95449	3.0711	0.72371	4.0256	1.2408	41
1099	608	647	614	684	546	551	787	581	640	610	548	868	869	576	575	747	523	827	645	496	715	469	522	495	0.5392	5.6115	3.0472	0.5392	8.6586	2.5161	59
475	421	439	618	625	563	327	593	445	586	497	512	594	462	399	648	557	447	616	303	373	487	380	397	444	0.3677	1.7877	3.0562	0.3677	4.8439	0.57675	82
3302	2301	1873	2036	1878	2040	2307	2402	1964	3205	3294	2914	2046	2832	1963	3204	2210	2045	3014	1877	1870	2913	3293	2481	1794	1.4154	0.25061	7.1812	1.4154	7.4318	1.7695	92
4962	4936	4953	4928	4836	4954	4860	4797	4889	4955	4887	4917	4824	4823	4911	4885	4866	4944	4950	4947	4961	4940	4952	4935	4956	0.075814	1.5856	0.3878	0.075814	1.9734	0.22863	101
804	844	1068	1432	842	1571	1117	843	1166	977	1789	1429	1501	1496	1021	887	1709	764	1167	1376	885	884	1022	1433	803	1.4075	0.74548	5.7633	1.4075	6.5088	1.6908	101
2926	3313	3879	3521	3118	2860	2852	2780	2325	3957	2419	2412	3117	3017	3314	3618	3418	3803	2930	2601	3018	2322	2602	2844	2323	0.48791	0.19128	8.2089	0.48791	8.0176	0.62089	82
1363	1421	2113	1365	1486	1494	1554	1304	1628	1491	2119	2469	2114	1485	1623	1149	2294	1622	1197	1487	1146	1562	1426	1147	1559	1.0921	2.3483	4.1167	1.0921	6.465	1.8945	101
