2173	2455	1922	2635	2014	2272	2454	2363	2804	2638	2550	1755	2449	2450	2357	2180	2447	1546	2643	1847	2091	2179	1764	2088	2637	2636	2726	2544	2263	2803	2268	1837	2542	2545	2174	2641	2456	2175	2546	2543	2094	2264	2457	2725	2727	1763	2451	2089	2448	1675	1.5142	0.78143	2.9488	1.5142	3.7302	1.9379	92
1889	1643	2320	1714	2321	2404	2411	1340	1795	1730	1965	1805	1809	1513	1521	1396	1804	1285	2319	2230	2501	1890	1803	1725	1723	2408	2056	1887	2054	1650	1644	2405	1331	1582	1972	1802	1284	2232	2228	1729	1722	2229	1888	1807	1395	1721	1808	1330	1893	1649	0.87655	0.64571	9.0815	0.87655	9.7272	1.0623	45
4715	4794	4682	4759	4737	4765	4729	4867	4842	4738	4741	4874	4590	4616	4679	4869	4665	4703	4821	4761	4756	4809	4711	4666	4639	4843	4870	4792	4783	4680	4871	4730	4638	4787	4705	4757	4791	4707	4591	4839	4868	4758	4872	4840	4837	4704	4838	4819	4740	4816	0.056871	1.3389	0.38441	0.056871	1.7233	0.24359	101
3656	4228	3736	4226	3899	4185	4138	3260	4236	3812	3163	3257	3821	3728	4194	4184	3648	4037	3825	3813	3653	4047	3652	4235	3360	3890	3357	4086	3162	4094	3356	3561	3891	4227	4043	3556	3970	3966	4151	3456	3741	3560	4188	4028	4271	3820	3461	3647	3742	4267	0.82492	2.8246	10.106	0.82492	12.931	1.877	55
178	202	210	142	148	172	153	146	154	171	132	251	49	72	109	83	188	223	231	97	103	211	191	36	47	125	24	120	183	81	96	145	35	68	8	230	10	55	60	92	17	189	170	149	137	126	9	73	143	150	0.18806	4.0783	2.2093	0.18806	6.2876	0.84747	57
1190	1903	2158	2331	1749	1674	1593	1905	1463	1185	1135	1236	1186	1472	1241	1906	2332	1995	1294	2074	2329	2157	2070	1748	2156	1600	1994	1090	1140	1088	1532	1091	1089	2327	1351	1355	1043	2330	1137	2242	2241	2154	1189	1353	1242	1138	1139	2422	2155	1660	0.45625	1.1241	8.2177	0.45625	9.3418	0.69196	91
2524	2700	3530	2943	4027	3134	2345	3885	3531	2942	2002	1999	2166	2865	1918	2084	2165	2428	2075	3628	2698	2792	3429	3529	1831	2612	2003	2243	4026	2081	2423	3035	3231	3961	3722	3238	1835	2254	2083	2424	2868	2167	2712	2082	2614	2252	2866	2168	3626	1917	0.63437	2.1232	8.8315	0.63437	10.955	0.96333	99
2993	3582	2898	2562	3771	3846	3850	3761	3479	2818	2820	2563	3766	3931	3847	3276	3686	3929	3930	3381	3765	3679	3583	2991	3851	3852	3492	2480	3676	3928	3849	2569	3376	3933	3277	3857	2901	3580	3764	3927	2653	3687	3769	3767	2474	2561	3762	3925	3926	3179	1.4408	0.89574	3.5349	1.4408	4.4306	1.8222	48
3918	3474	3910	3919	3916	4152	3836	3987	4103	3920	3756	3986	4048	3464	3749	3831	3913	3915	3990	3912	4104	4108	3837	4107	3914	3265	4153	4049	3468	3911	3988	3917	3839	4156	3750	4050	3758	3989	3835	3840	4105	4154	4195	3754	3838	3667	4155	3833	4196	4106	0.58296	0.3313	1.3628	0.58296	1.6941	0.84412	81
4071	3690	4213	4125	4290	4255	3594	3703	3495	3506	4320	4256	4025	3953	4459	4385	3692	4437	3595	3866	3774	3602	3603	4225	4072	3939	3780	3596	4441	3874	3937	4354	3942	3938	3868	3782	3860	3775	3865	4291	4069	3606	4007	3693	3858	3784	4024	3696	3695	4137	1.5611	1.7204	5.4239	1.5611	7.1443	2.1442	68
668	820	780	1134	950	903	992	692	665	817	905	767	949	731	861	862	904	948	627	740	766	805	694	693	705	1233	947	815	658	595	991	995	742	599	704	1041	1232	667	741	703	857	1230	657	894	1225	860	819	1231	626	994	0.61944	1.4566	5.6914	0.61944	7.148	0.99652	83
3252	2713	3345	3053	2347	3062	1921	3886	3249	2538	3152	2087	2006	3154	1836	3160	3155	3355	2723	2262	3455	2974	3811	3243	2004	3645	2169	2634	2437	1920	2256	2622	2172	3452	2255	3256	3553	1919	2539	3063	3060	2623	2170	2970	2005	2346	2086	3064	2085	2171	0.31564	4.519	6.8486	0.31564	11.368	0.63018	51
4493	4159	4473	4157	4056	4002	4317	4239	4204	4113	4455	4110	4109	4319	4158	4492	4160	4314	4474	4475	4238	4171	4198	4199	4363	4500	4454	4240	4395	4210	4254	4453	4392	4120	4456	4274	4063	4197	4286	4118	4342	4418	4273	4111	4275	4285	4332	4162	4200	4303	0.61437	1.2386	2.7965	0.61437	4.0351	1.0013	71
613	608	494	469	641	581	751	580	551	443	912	578	645	676	684	579	614	612	523	575	868	550	522	1049	647	496	548	720	547	520	674	876	610	576	549	611	1100	965	1097	640	607	495	1051	789	679	546	750	468	644	606	0.53679	5.5004	3.2761	0.53679	8.7765	1.9945	74
511	439	594	501	303	564	497	625	360	562	475	656	272	296	397	688	460	389	319	624	463	470	295	368	623	445	592	444	566	410	556	462	420	431	415	524	540	593	388	563	486	557	513	565	499	423	529	396	421	555	0.32219	1.8673	2.9153	0.32219	4.7825	0.49235	100
2130	2045	2035	2486	3292	2748	1877	3205	1962	3302	2403	2763	1963	1794	3395	2040	2387	3109	3394	2391	2129	1878	2046	2128	2491	3298	3012	2913	2842	3301	2215	3300	2388	2044	2390	1964	2124	1955	1793	2495	2297	3204	2489	2125	2296	2126	2306	3100	1873	2036	1.2435	0.17452	7.7229	1.2435	7.5484	1.5006	67
4939	4797	4938	4888	4914	4825	4934	4960	4863	4956	4961	4782	4893	4947	4919	4921	4931	4932	4836	4946	4923	4962	4951	4959	4911	4781	4858	4948	4866	4755	4864	4833	4798	4953	4856	4933	4894	4957	4936	4860	4950	4890	4918	4955	4826	4937	4896	4949	4824	4892	0.065541	1.4847	0.43994	0.065541	1.9246	0.20118	62
804	1571	1501	1429	803	878	1061	1057	1068	1563	1498	1318	1711	1070	1495	1370	844	1499	1379	1118	922	764	1375	1709	1436	1212	1789	881	921	1568	1430	1020	1166	924	1432	1117	885	842	1313	1021	1641	1713	1263	1712	1069	886	840	1790	1572	843	1.0626	0.56459	5.8277	1.0626	6.3923	1.2249	58
2860	2773	2924	2597	2937	2931	2697	2509	3803	3418	2601	2775	3017	3117	2848	3801	3713	2419	3212	2691	2780	3710	2851	2774	3018	3032	2934	2852	2926	3611	2935	2412	2413	2927	3517	3622	2599	3621	3218	2323	3798	2693	2936	3617	3612	2416	3521	3624	2682	2696	0.72815	0.1701	8.3536	0.72815	8.1835	0.83522	84
1624	1696	1553	1304	1492	1146	1698	1369	1625	1630	2293	1559	1256	1952	1199	1626	1494	1702	1951	1423	1487	2119	1623	2114	1697	1556	1426	1253	1486	1867	2033	1554	1363	1490	1421	1361	1562	1557	2116	1197	1148	1491	1251	1555	2034	2109	1366	1420	1493	1427	0.91732	1.8526	4.735	0.91732	6.5876	1.6201	101
