1478	2178	2015	2804	2455	1768	1934	2453	2361	2179	1849	1767	2360	1850	2450	2268	2180	1935	1846	2273	1927	2550	2104	2014	2013	2185	2270	2091	1847	2102	1848	2454	1766	2363	1851	1933	2269	2362	2092	1687	0.82576	0.28666	3.5285	0.82576	3.8151	1.1108	90
1658	2319	1729	1589	2406	1588	1806	1804	1887	1585	2054	1728	1892	1724	1807	1890	1977	2410	1805	1657	1452	2136	2411	1811	2404	1656	1730	2498	1655	1808	1886	1521	1885	1723	1888	1891	1889	2050	1803	1587	0.47752	0.31105	8.9097	0.47752	9.2207	0.78097	62
4817	4875	4729	4703	4733	4737	4704	4686	4848	4867	4870	4868	4756	4898	4837	4657	4614	4839	4679	4818	4842	4812	4844	4761	4760	4873	4814	4739	4706	4690	4660	4687	4765	4684	4757	4656	4587	4819	4680	4763	0.055201	1.0637	0.43426	0.055201	1.498	0.18073	101
4226	4267	4193	4151	3908	3818	4028	3735	3741	4233	4184	4235	4194	3822	4228	3977	3742	3559	4101	4268	3965	4236	4229	3985	4047	3828	3984	3829	4045	3890	4234	3907	4046	4102	3983	4039	4270	3979	4271	3649	0.32954	8.8788	3.7027	0.32954	12.582	0.92973	83
168	167	5	36	49	13	35	96	82	137	227	126	111	100	191	30	143	2	210	109	8	226	24	92	71	6	10	55	99	3	45	211	208	114	231	206	7	103	1	154	0.11028	3.8687	2.4545	0.11028	6.3233	0.27924	79
1602	1536	1472	2158	1136	2073	1137	1604	1091	2233	1405	2068	1464	1043	1239	2069	2328	2326	1534	1140	1471	1090	1674	1603	2234	1673	2070	1825	2157	2156	1746	1042	2149	1671	1406	1412	1470	2235	1744	1138	0.22754	1.0368	8.058	0.22754	9.0948	0.493	80
2000	2784	1754	3238	2701	2082	2703	3536	2704	3530	1917	2870	2166	3527	2084	1918	2520	2079	3138	2081	1753	2252	2003	2954	2524	2167	2423	2529	2083	3231	1835	2002	1833	2619	2345	2338	2168	1834	3626	3431	0.24085	1.5134	9.288	0.24085	10.801	0.88744	55
3481	2817	2476	3846	2473	3001	3761	3479	3848	2477	3925	3182	2562	2480	3380	3278	3382	2744	3480	3773	2474	3085	3926	2566	2655	2659	3377	3768	3484	3762	2478	3592	2737	2816	3847	3585	3763	2652	2384	3589	0.90256	0.38468	3.9902	0.90256	4.3749	1.1204	47
3262	3567	3912	4108	3913	4055	4053	3909	3911	3574	3835	3464	3845	3834	3658	3914	3671	4156	3986	3910	3995	3915	3666	3830	3833	3994	3832	4107	3836	3831	3743	3744	3924	3463	3462	3988	3664	4054	3754	3993	0.61324	0.35439	1.5134	0.61324	1.8678	0.90315	93
4359	4387	4024	4416	3946	3937	4440	4013	3870	4462	4009	4414	4123	4415	4417	4388	3945	4012	4068	3497	3942	4014	3702	3869	4413	4266	4441	3950	4438	4075	3941	4007	3862	4458	4460	3607	4386	4412	4439	4355	0.5511	1.1185	5.7053	0.5511	6.8237	1.1106	72
694	947	862	820	1181	1074	949	730	1231	1225	705	1232	860	993	768	778	905	1024	1233	1175	779	815	658	735	1226	817	1227	950	861	948	704	994	780	598	904	742	657	893	600	1230	0.62627	0.82699	6.3496	0.62627	7.1766	0.96175	78
3148	3061	2437	3156	2530	3449	2878	2882	3724	3059	2262	2622	2169	3242	3553	2719	3249	2633	2537	3345	2968	3060	2438	2960	3062	3152	2256	3254	2963	2716	2969	3355	2631	2538	2630	2255	2257	3155	2352	3256	0.089679	1.2501	10.146	0.089679	11.396	0.24921	50
4422	4319	4456	4205	4164	4335	4254	4318	4475	4493	4373	4492	4463	4474	4248	4372	4368	4315	4418	4273	4419	4283	4455	4392	4342	4111	4370	4396	3999	4473	4444	4309	4058	4313	4345	4423	4279	4057	4245	4421	0.49933	0.9908	3.1603	0.49933	4.1511	0.88556	54
717	577	643	713	722	614	581	604	549	789	609	546	787	578	647	469	548	496	443	551	791	869	827	711	716	877	576	495	519	829	468	684	790	580	550	646	494	712	613	606	0.46801	4.8974	3.9627	0.46801	8.8601	1.3331	56
444	552	648	499	582	419	406	618	556	415	372	396	385	685	564	655	585	437	563	615	535	616	583	586	438	565	554	509	649	470	584	445	366	381	506	439	617	592	397	527	0.26441	1.7454	3.2782	0.26441	5.0237	0.34802	57
2748	3009	3302	1871	3097	2394	3204	2212	2483	3002	2211	2829	2390	2125	2039	2669	2393	2300	3194	2046	3205	1878	2126	1957	2299	2301	2391	2389	2830	2124	2121	3011	2210	2491	3012	2209	2040	3291	2397	1958	0.39212	0.029328	7.3864	0.39212	7.3571	0.7726	56
4939	4798	4854	4948	4891	4944	4960	4859	4825	4917	4955	4866	4950	4918	4894	4826	4782	4954	4951	4797	4932	4959	4858	4912	4856	4956	4890	4945	4938	4889	4931	4937	4935	4961	4949	4964	4913	4916	4857	4860	0.049905	1.7589	0.43716	0.049905	2.1961	0.18251	87
1566	1429	837	1565	1021	1258	1016	1637	1496	970	804	1262	1498	1260	1022	977	800	1153	1374	1204	1372	1563	1433	1057	1261	1104	764	1313	841	1370	1435	1371	1495	1432	1430	931	976	1117	1206	1709	0.70326	0.91324	5.6849	0.70326	6.5982	1.1604	101
2688	3116	2510	3017	3021	2682	3111	3023	3713	2924	2851	3515	3719	2852	3022	2931	3207	2504	2324	2854	3521	2418	3803	2846	2413	2925	2844	2926	2596	3206	3799	2771	3617	3117	2325	2764	3018	3016	2940	3609	0.22049	0.017334	7.7318	0.22049	7.7144	0.56934	50
1491	1425	1424	1304	1554	1696	1426	1492	1623	2192	1418	1302	1562	1197	1422	1427	2285	1627	2203	1309	1202	1494	1486	1368	1938	2019	1556	1553	1366	1365	1312	2114	1493	1369	1561	1555	1945	1428	1487	1624	0.3426	0.89363	5.6256	0.3426	6.5192	0.66224	92
