1932	2550	2551	2549	2094	2643	1838	2179	2274	1922	1546	2548	1927	1615	2803	1687	2724	1933	2090	2176	2639	1478	1766	1612	2457	1767	1614	2725	2270	2359	1544	2638	1545	2013	1479	2451	2014	2546	1543	2093	1542	2455	2088	2804	2277	1763	2095	2636	2363	2458	1.6831	0.58633	3.2341	1.6831	3.8204	1.9348	47
1455	1879	2498	1795	1803	1284	1804	1723	1587	2410	2411	1724	2500	2144	1582	1654	2409	1340	1651	2320	1887	2591	1650	1649	1456	1721	1280	1722	1283	1965	1973	1714	2318	2224	2319	1589	2321	1715	1893	1454	1581	2229	2228	2406	1512	2227	1805	1888	2499	2141	1.4393	0.71702	8.8942	1.4393	9.6113	1.6548	93
4713	4661	4766	4708	4583	4816	4841	4845	4789	4737	4767	4843	4818	4846	4819	4596	4736	4792	4684	4870	4644	4790	4715	4582	4620	4848	4709	4763	4742	4817	4791	4793	4868	4849	4632	4662	4741	4568	4738	4685	4481	4572	4844	4788	4820	4707	4714	4765	4764	4595	0.54764	0.68973	1.1123	0.54764	1.8021	0.59261	72
3735	3728	3812	3652	3655	4029	3985	3657	3822	3890	3900	4028	4236	4138	3260	4226	3556	3257	3561	3651	3824	3813	4142	3161	3461	3742	3897	3456	3554	3163	4194	3555	4235	3820	3647	3359	3360	3736	3739	3356	4151	4184	4102	3818	3823	4271	3258	3457	3654	3259	1.1896	3.3283	10.695	1.1896	14.023	5.5619	72
34	87	136	129	164	128	111	71	41	35	210	54	231	197	10	137	112	180	8	183	198	36	33	178	67	21	68	153	48	49	73	207	16	60	168	191	46	43	47	59	81	9	57	17	24	103	4	45	154	32	0.17992	4.516	1.6992	0.17992	6.2152	0.75227	79
2239	2238	1533	2073	2329	1355	1137	1240	2235	1668	1190	2067	2154	1139	1823	1136	1140	1135	1294	1911	2074	1091	1740	2072	1185	1670	1291	1043	1410	1995	1290	1536	1042	1472	1403	1237	2241	1397	1090	1088	1910	1189	2242	1186	1398	1531	1089	2332	1138	1994	0.61507	1.0038	8.2288	0.61507	9.2326	0.8872	95
2252	3961	1831	2075	2712	2423	2607	2424	2254	2515	3435	3130	1918	2785	1998	2787	2517	1996	3323	1834	3039	3960	2711	3529	2863	2529	3238	3885	2243	2333	1912	3626	3048	2783	2345	3528	3531	3530	3423	2516	2436	3428	3884	1997	4027	2338	2003	3134	2519	3805	0.96046	0.70645	10.248	0.96046	10.954	1.0359	74
3848	3761	2562	3091	2476	3480	3852	2563	3928	3773	2991	3762	3276	3279	3183	3927	3929	3179	3926	3676	3376	3855	3849	3772	3580	2653	3182	3851	3585	3847	2897	3925	3769	3592	3382	3932	3850	2480	3846	3688	2907	3689	3764	2987	3184	3686	3280	3282	3281	3687	1.1088	0.95578	3.6763	1.1088	4.6321	1.3244	77
3468	4055	3573	3570	3987	3366	3834	3749	3471	3986	4156	4195	4052	3756	3912	4108	4104	4054	4048	3914	4154	3988	4050	3665	3571	3664	3568	4107	3270	3367	3835	3993	3469	4105	3569	4051	3913	3473	3915	4153	4103	3750	3995	4196	4152	4155	3838	4106	3572	4053	0.46337	0.37401	1.4563	0.46337	1.8303	0.68667	73
4011	3704	3953	4439	3938	4322	4009	4022	4213	4356	4412	4417	3607	3939	4355	4354	4068	3498	4458	3774	4025	4411	3952	4326	4385	3497	3597	4255	3862	4362	4012	4461	4137	4007	3775	3501	3936	3875	3598	3599	3495	4440	3859	4462	3690	4433	3858	4352	3596	3785	1.3244	0.82464	6.3461	1.3244	7.1707	1.6153	58
862	780	995	626	1024	949	668	742	779	657	567	1230	861	692	1180	693	810	820	705	667	905	658	729	990	694	741	903	1224	856	948	1041	738	989	898	1129	904	730	704	695	950	994	819	947	857	858	1081	632	1182	1087	860	0.78289	1.8981	5.3816	0.78289	7.2796	1.0265	48
3355	1836	3646	2624	2440	2625	3549	2719	3160	2800	3455	1921	2005	1920	3354	3255	3256	3155	2879	3811	3254	3251	2720	2255	3154	2967	3253	2006	2169	3068	2346	3153	3156	3553	3552	2437	3454	3062	3346	2348	2087	2172	2630	3645	3347	2256	2622	2880	3451	2623	0.49611	3.6154	8.1596	0.49611	11.775	1.3894	63
4237	4163	4332	4113	4243	4303	4314	4453	4288	4456	4238	4199	4160	4493	4341	4475	4394	4420	4363	4284	4056	4157	4278	4419	4065	4302	4335	4246	4492	4333	4272	4340	4112	4474	4251	4418	4307	4274	4111	4201	4275	4392	4273	4197	4242	4239	4205	4277	4304	4446	0.60397	1.7896	2.438	0.60397	4.2275	0.98372	101
1051	551	683	826	834	581	577	914	469	716	523	825	748	681	674	614	679	609	647	868	496	613	758	827	676	678	1049	549	545	522	495	521	638	646	548	606	580	752	1101	550	546	870	645	786	965	642	579	520	547	612	0.54545	6.0916	3.2639	0.54545	9.3556	1.7453	101
625	497	400	274	355	399	475	593	552	582	273	328	265	486	353	350	592	317	565	504	498	524	334	340	337	397	316	533	377	449	338	401	471	656	470	415	367	525	480	487	444	423	295	424	437	531	303	361	557	477	0.32499	2.0536	2.9515	0.32499	5.0051	0.53194	97
2917	2843	3397	3107	2832	2497	3101	3015	2483	2045	3294	2923	1874	1794	2035	3394	3292	3009	1964	2311	2579	2589	3300	3297	3195	1873	2130	2036	2918	3302	2919	1870	2831	2046	2912	1878	3110	3299	1963	2915	2296	3097	2310	3393	3102	3205	3194	2672	3396	3004	1.3581	0.53885	7.1861	1.3581	7.7249	1.5515	76
4782	4673	4702	4919	4934	4797	4720	4775	4916	4695	4719	4825	4912	4743	4693	4836	4824	4675	4621	4827	4716	4774	4913	4723	4698	4923	4746	4939	4692	4931	4696	4745	4747	4691	4718	4800	4672	4772	4890	4801	4717	4771	4914	4828	4773	4958	4866	4744	4674	4799	0.32287	0.25741	1.9555	0.32287	2.2129	0.42979	77
1713	921	1574	1429	977	1264	1313	1205	804	1433	1642	1501	1015	1432	802	975	1011	1563	887	1210	1641	764	801	844	1712	878	1431	1022	1370	930	1023	1057	1069	763	1573	886	1319	762	1495	1430	1021	931	1500	1374	1497	803	843	1637	1314	842	1.2324	0.80111	5.977	1.2324	6.7781	1.5095	45
2413	2514	3030	3422	3310	3420	3624	3032	2598	3617	3018	2692	3616	3803	3956	2924	3719	2683	2779	3119	2764	3521	3622	2601	3017	2412	2505	3306	2844	2697	2506	3877	3116	3802	3113	2507	3718	2605	2513	3800	2780	2414	2597	2860	2927	3611	2940	2769	3128	3623	1.0246	0.027483	8.1221	1.0246	8.0946	1.1316	100
2383	1369	1308	1688	1494	1625	1562	2113	1555	1200	1251	1307	1784	2290	1361	1704	2470	1553	1557	1304	1199	2377	1422	2291	1867	1250	1148	2285	1486	2204	1363	1423	1493	1312	1490	1632	1149	1306	1622	1203	2105	1556	1421	2292	2111	2114	2119	1487	1362	1198	1.0106	2.2959	4.8685	1.0106	7.1644	1.948	82
