2175	2725	1849	2355	2549	1765	2011	1611	2638	2368	2548	2185	2547	1847	1764	2271	2180	2270	2641	2452	2727	1682	1686	2726	2269	1922	2550	2637	2364	2177	2187	2804	1755	2358	1848	2354	2009	2453	2012	2458	2362	2361	2272	2008	2093	2360	2449	2636	2803	2178	2639	2640	1683	1546	1684	1615	2635	1614	2546	2461	2176	2372	2545	2357	2454	2542	1933	2365	2273	2268	1840	2457	2724	1613	1935	1.4587	0.42074	3.3275	1.4587	3.7482	1.7681	101
1581	1340	2229	1507	1809	1729	1965	1893	1890	2409	2501	2061	1879	2143	1880	1586	1803	1805	1649	1653	2406	1650	1975	1643	1722	1714	1808	1892	1456	1453	2052	1579	1284	1796	2410	1724	1715	1575	1723	2321	2232	1806	2047	2139	1979	1725	2317	2411	1716	2404	2054	2137	2060	2319	1652	1285	1980	1795	1721	2231	1394	2498	1720	1518	2146	2225	1801	1891	2318	2228	2500	1804	2313	2320	1655	1.1027	0.37421	9.7078	1.1027	10.082	1.2435	46
4527	4867	4811	4565	4814	4898	4783	4756	4763	4738	4877	4784	4870	4810	4729	4615	4686	4813	4817	4713	4572	4822	4715	4707	4591	4872	4812	4614	4899	4869	4770	4589	4873	4904	4868	4592	4809	4640	4871	4587	4590	4737	4840	4664	4757	4703	4588	4733	4639	4708	4879	4666	4769	4612	4632	4839	4616	4496	4821	4905	4596	4761	4710	4837	4787	4685	4903	4481	4712	4793	4838	4874	4667	4617	4731	0.18475	0.7653	0.99038	0.18475	1.7557	0.31528	45
3657	3892	3656	3739	3827	3812	4090	3736	3734	4028	4236	4194	4229	3648	3735	3900	3162	3729	3967	4143	3740	3561	3738	4140	4089	4267	3820	4151	3360	4186	4144	3655	4226	4192	4235	3260	3985	3456	4033	4047	3654	3461	3895	3653	4038	4184	3554	4142	4227	3559	3560	3163	3356	3259	3555	3647	3816	3814	3742	4138	3976	3978	4031	3898	4036	4093	3974	3257	4092	3891	3557	3973	3899	4185	3901	1.1547	2.849	12.037	1.1547	14.886	5.6217	40
209	179	129	137	44	49	171	131	136	73	22	80	55	210	145	228	110	102	99	96	146	47	109	128	14	100	93	103	108	60	59	85	36	154	82	190	187	48	67	111	87	172	23	133	229	153	230	10	101	170	94	168	21	71	113	144	211	182	130	35	126	150	72	17	120	84	83	223	45	162	98	191	46	205	54	0.17761	3.9977	2.3332	0.17761	6.3309	0.73057	83
1990	2148	2242	1299	1349	2158	1190	1088	1042	1137	1747	1090	2154	1187	1293	2332	1827	2153	1243	1089	1895	1298	1295	1189	1354	1472	1290	1242	1906	2157	1294	2074	2155	1043	1188	1412	1995	1135	1994	1749	2330	2327	1183	1186	1830	1241	1136	1661	1731	1471	1668	1522	2233	1234	1911	1829	1748	1297	1739	1240	2156	1184	2069	1239	1410	1185	1408	2241	1140	2072	1823	1910	1981	1348	1828	0.56046	0.63757	8.833	0.56046	9.4706	0.73749	85
2344	2338	2243	2952	2787	4027	2431	3238	3626	3529	2083	2333	1918	2244	2865	2426	2712	3628	2334	3530	2947	3237	2345	2526	2529	2343	3526	2698	3961	3226	1753	2944	2076	3046	2254	2702	2245	2703	2080	2521	2436	2609	3335	2252	3039	2948	2607	2524	2084	3721	2423	2082	2003	2608	2517	3805	1917	1754	2159	3531	2699	3328	3428	1996	3429	2166	3436	2424	1835	3528	4026	2861	2428	2335	2075	0.73735	1.4612	9.47	0.73735	10.931	0.89219	55
2560	3684	3281	3582	3276	3762	3283	3770	3183	3689	2820	3680	3678	3082	3773	3580	3766	2563	3685	3390	3584	3581	3676	3853	2480	3583	3849	2474	3857	3585	3846	2475	3852	3290	3929	3763	3087	3277	3091	2476	3851	3771	3925	3383	3489	3483	3679	3850	3765	3681	3854	3376	3280	3761	3764	3927	3479	3193	3928	3848	3677	3181	3484	3847	2561	3586	3926	3480	3589	3930	3382	3767	3482	3682	2479	1.2593	0.98717	3.6159	1.2593	4.6031	1.5919	70
3920	3670	3470	3842	4108	3474	3464	3911	4152	3463	3912	4156	3910	4048	3368	3833	3750	3468	3563	3574	3467	3164	3993	3373	4107	4103	3834	3909	3747	3831	4196	3271	3753	3830	3832	3744	3365	3986	3665	3913	3469	4104	3671	3835	4105	4155	4153	3370	4049	3567	3746	3914	3369	3915	3836	3749	4055	4054	3660	3568	4154	4195	3745	3364	3675	3573	3916	4050	4053	3743	3664	4106	3666	3265	3837	0.48	0.40303	1.3741	0.48	1.7772	0.67275	71
3594	4085	4413	4436	3604	4327	3785	4297	3774	4255	3781	4216	4079	3498	3779	4415	3690	4024	3858	3775	4025	4356	3496	3599	4326	3694	3944	3778	3780	3504	3596	4071	3503	3954	4123	4459	4461	3948	3787	4440	4417	4390	3506	4218	3399	3953	3696	3937	4007	4137	4412	4213	4438	3941	4439	3859	4172	3936	3595	4441	4176	3938	4011	4072	3935	3862	3951	4460	4462	3704	3693	4068	4382	4299	4084	1.4189	0.82043	6.4015	1.4189	7.2219	1.8668	77
705	692	659	862	950	600	770	728	812	663	1231	742	667	662	948	695	780	861	668	996	1232	704	1182	806	738	666	657	658	661	741	817	596	947	1087	895	905	731	815	703	626	903	735	729	768	820	694	994	595	702	567	1233	627	630	628	1120	949	1037	730	904	993	819	766	597	1181	693	1132	779	660	857	568	1134	1133	778	732	1230	0.54164	1.8839	5.2973	0.54164	7.1812	0.84586	69
3646	3727	3150	3155	3241	3454	2800	3553	3811	2169	3252	2441	2262	2541	2957	3345	2006	2446	3351	2625	3144	1836	2622	2722	2087	1921	3060	2257	2633	2346	3061	3644	2531	2968	2530	3247	3256	3726	2439	2623	3455	3355	2258	3050	2255	2172	3354	3160	1920	3353	2437	2256	1919	3250	3552	3255	2005	3344	3158	2438	3253	2347	3249	2958	3645	2967	3154	3159	3149	3889	2085	3251	3049	3551	3239	0.33102	1.9988	9.5448	0.33102	11.544	0.52311	50
4363	4197	4367	4209	4276	4393	4166	4396	4332	4163	4289	4303	4109	4394	4274	4455	4446	4207	4157	4502	4336	4056	4368	4392	4158	4239	4333	4122	4418	4198	4364	4171	4168	4302	4475	4397	4159	4463	4307	4199	4500	4244	4247	4306	4482	4062	4371	4335	4283	4493	4334	4110	4167	4057	4474	4501	4200	4419	4309	4119	4509	4272	4111	4063	4365	4492	4248	4491	4456	3996	3997	4115	4454	4165	4420	0.6264	1.2299	2.9225	0.6264	4.1525	0.94766	55
639	607	957	646	713	577	551	832	680	1003	717	614	714	581	679	675	829	644	681	550	785	794	711	523	645	755	676	643	1049	579	751	647	750	606	720	868	790	682	786	683	613	522	712	612	608	1050	574	875	642	580	718	496	1098	1002	549	789	469	1056	638	443	1007	684	827	673	576	828	611	710	756	749	918	610	640	605	787	0.50517	5.7373	3.4386	0.50517	9.1758	1.7611	68
585	470	615	361	274	422	391	419	318	514	552	625	436	303	500	624	372	267	587	488	373	444	445	327	354	582	497	656	281	594	316	375	458	685	586	437	556	374	320	486	336	401	655	429	593	528	295	397	296	415	293	379	566	387	438	344	365	312	420	478	421	691	487	446	584	432	583	565	317	363	555	485	538	564	480	0.28827	1.5168	3.2932	0.28827	4.81	0.42389	50
1963	3205	3098	2211	2305	3397	3299	1870	2212	2301	2923	2497	3203	3196	2046	3110	2753	3297	2919	2299	2215	2132	2832	1962	2129	3006	3294	3097	2040	1958	2584	2842	1793	3014	3300	3302	1878	2589	1964	3107	2913	2044	2311	2390	3204	2586	3202	3295	3108	2045	3200	3394	3298	2403	2213	2578	2837	3109	2921	3197	1873	2752	2402	2039	3194	3393	1794	2036	2751	1872	2833	3106	2496	3301	2843	1.3236	0.5296	7.321	1.3236	7.8506	1.4762	80
4807	4693	4702	4908	4911	4798	4854	4851	4743	4907	4883	4956	4771	4726	4772	4728	4719	4835	4939	4808	4866	4952	4797	4744	4781	4823	4824	4897	4716	4864	4941	4745	4695	4694	4954	4801	4825	4927	4858	4852	4751	4884	4943	4936	4828	4774	4725	4717	4895	4721	4853	4655	4631	4697	4782	4671	4718	4720	4949	4944	4938	4948	4746	4827	4963	4953	4886	4950	4910	4836	4727	4696	4929	4755	4909	0.15377	0.52891	1.4459	0.15377	1.9748	0.22759	98
1164	887	977	1563	1207	1712	804	1378	1429	1371	801	1642	1258	1316	1641	802	840	1165	837	844	1208	1116	1204	931	1260	1117	1506	1569	1022	886	1713	976	803	1376	884	1115	1321	885	1023	1790	1435	762	1071	1011	1711	1066	1370	1495	1640	1572	764	843	1068	1430	878	1021	1057	763	930	842	1257	1379	1384	1104	798	1710	975	1568	882	929	1058	1709	761	921	1431	1.0935	0.60152	6.116	1.0935	6.7175	1.2992	73
2925	2508	2924	3113	3422	2412	3624	2419	3803	3026	2507	2764	3024	3608	2780	3116	3878	2682	3321	3512	2844	3025	3021	3214	2933	2860	2601	2936	3421	2845	2599	3411	2414	3617	3033	2846	2928	3611	3028	2605	2941	2939	2765	3613	2323	2852	3802	3609	3016	2602	3027	3213	3518	3111	2858	3612	3224	3215	3032	2322	3209	2596	2413	2592	3416	3018	2514	3420	2417	2511	2691	3225	3017	3713	3029	0.90586	0.070944	8.366	0.90586	8.295	1.0142	66
1364	1197	1304	1367	2115	2031	1494	2194	2019	1554	1779	2026	1938	1862	1307	1308	1699	1485	1555	1860	1423	2027	1148	1369	1616	1861	1560	1493	2283	1489	1312	1703	1623	1362	1695	2382	1254	1556	1203	1486	1562	1945	1954	1425	1363	1249	1783	1250	2202	1778	2290	2108	1864	2114	1559	1420	1629	1774	2378	2203	1146	1490	1421	1147	1201	2193	1311	1630	1361	1428	1561	1422	1946	1427	2117	1.054	2.2145	4.8626	1.054	7.0771	1.7777	80
