4236	4151	4271	3742	3985	3561	3656	3900	3899	3657	3560	3655	4235	3736	3737	4194	3977	3820	3823	3654	3821	4269	3739	4047	2.1813	2.7589	9.8786	2.1813	12.637	12.938	67
4483	4445	4609	4526	4605	4632	4398	4484	4425	4509	4501	4422	4423	4443	4421	4542	4630	4444	4500	4424	4420	4492	4442	4482	1.3543	2.1869	4.2988	1.3543	6.4857	2.344	101
129	186	206	163	211	167	168	172	153	189	73	146	191	190	243	150	164	226	182	166	273	274	231	251	0.40477	0.087045	2.7991	0.40477	2.8862	0.43763	55
3597	3938	3937	3695	4004	3690	4010	3775	3694	4006	4119	4065	3693	3496	3939	4066	4005	4120	4067	4003	3689	3933	4008	4007	1.4612	0.55365	4.092	1.4612	4.6456	1.593	68
2328	2237	2864	1989	2780	2781	2701	2065	2521	2153	2335	2522	2424	2865	2787	2783	2428	2238	2239	2697	2070	2866	2245	2332	1.3418	0.21549	8.4412	1.3418	8.6567	1.4225	68
713	637	576	714	746	640	639	674	607	916	715	610	751	642	711	676	609	678	677	872	752	641	608	638	0.79752	7.0603	3.2652	0.79752	10.325	2.8434	101
1339	1280	1723	1803	1581	1229	1972	1890	1519	1889	1580	1888	1649	1810	1973	1887	1891	1279	1804	1805	1456	1974	1650	1283	1.7302	0.40329	8.9904	1.7302	9.3937	1.9936	45
2053	1642	1886	1712	1795	2223	1964	1963	1715	1640	1878	2399	1574	2307	1572	1644	2311	1573	1713	1794	1643	1641	1971	2046	1.8512	0.94136	8.208	1.8512	9.1493	2.4339	70
4849	4734	4770	4735	4878	4709	4736	4667	4768	4715	4850	4742	4796	4769	4795	4741	4714	4791	4821	4794	4879	4708	4690	4822	1.6262	0.016235	1.1167	1.6262	1.1004	1.6897	84
4572	4618	4510	4644	4638	4686	4494	4499	4571	4570	4551	4661	4620	4569	4685	4493	4511	4643	4528	4662	4666	4596	4642	4512	1.039	0.18314	2.2187	1.039	2.4018	1.0979	65
932	1020	1437	1439	1265	1069	1377	975	1504	1064	1022	1378	1438	976	930	929	928	885	977	1223	974	1505	1503	1376	1.6937	1.2089	6.8571	1.6937	8.066	2.2275	81
4744	4751	4749	4748	4747	4720	4719	4775	4721	4649	4746	4772	4695	4774	4771	4699	4776	4696	4716	4773	4722	4673	4745	4694	0.43794	1.0838	2.1012	0.43794	3.185	0.8009	58
4355	4481	4264	4326	4415	4356	4459	4414	4177	4458	4480	4217	4383	4457	4462	4411	4438	4178	4352	4386	4354	4327	4299	4298	1.8219	2.1331	6.3321	1.8219	8.4652	2.6489	101
2268	2364	1838	2545	2180	2178	1922	2457	2456	2271	2357	2546	2179	2637	2093	2270	2544	2363	2639	2094	1923	2181	2269	1837	2.5789	0.02924	2.9742	2.5789	2.945	2.649	101
3243	3450	3346	3642	3445	3245	3344	3446	3349	3342	3347	3244	3051	3549	3246	3248	3448	3449	3348	3345	3447	3144	3238	3247	2.0565	5.0003	9.8767	2.0565	14.877	6.9057	44
945	859	820	1176	819	818	1128	778	736	779	739	861	1175	902	780	856	700	1127	901	665	741	742	815	860	1.1923	1.3783	6.5997	1.1923	7.978	1.5269	60
2285	1553	1626	1863	1489	2018	1487	1698	2377	1780	1556	1778	1625	1779	1555	1554	1488	1486	1557	1627	2284	1862	1699	1861	1.5021	1.4145	5.0585	1.5021	6.4731	2.8745	101
4158	4118	4241	4159	4302	4245	4240	4063	4246	4281	4238	4272	4332	4273	4201	4367	4200	4366	4199	4276	4198	4303	4336	4395	0.60383	0.30065	1.8677	0.60383	2.1683	0.67754	58
3026	3114	3023	3315	3214	3218	3021	3956	3122	3955	3617	3714	3878	3020	3118	3308	3877	3119	2933	3116	3121	3120	3413	2934	1.9235	0.14146	7.6255	1.9235	7.7669	2.2317	83
4752	4897	4831	4923	4919	4898	4658	4830	4777	4707	4939	4920	4804	4733	4633	4896	4893	4803	4861	4683	4778	4732	4938	4894	1.1964	0.12297	1.6158	1.1964	1.4928	1.4619	76
2664	2823	2822	2821	2825	2471	2114	2741	2745	2740	2382	2739	2481	1948	2656	2820	2657	2028	1864	1949	1950	2029	2030	2743	2.2419	0.076064	6.4923	2.2419	6.5684	2.4631	86
72	3	1	17	14	16	21	10	59	70	8	2	22	36	71	4	33	35	60	47	49	15	48	9	0.60347	4.3504	1.44	0.60347	5.7904	1.3676	75
3521	3126	3123	2858	2860	3219	3124	2862	3027	3028	3220	2946	2861	3125	3523	3316	3529	2863	2935	3421	2942	3030	3420	2857	1.6358	0.43368	7.4961	1.6358	7.9298	1.7781	87
4249	4454	4475	4288	4284	4210	4474	4455	4251	4209	4287	4250	4169	4314	4168	4285	4286	4211	4170	4344	4401	4453	4456	4316	1.3116	2.0911	3.9879	1.3116	6.079	1.8817	53
2799	2879	3156	3354	2798	3154	2800	3252	3065	3360	3061	3355	3358	3251	2541	2719	3063	3253	3461	3060	3456	3068	3457	3155	0.87416	0.74078	8.5708	0.87416	9.3115	1.104	101
3763	3765	3770	3087	3929	3681	3850	3281	3184	3183	3849	3686	3932	3088	3481	3930	3280	3378	4002	3928	3764	3767	3584	3680	1.3011	0.74904	3.4134	1.3011	4.1625	1.5404	71
2392	2746	3103	3196	3199	3098	2300	2917	3197	3198	2391	3296	2578	3294	3004	3005	3007	3009	2485	3200	3101	3193	3293	3295	1.9736	0.76632	6.1619	1.9736	6.9283	2.1574	61
962	1202	1101	1490	1373	1429	1431	1365	1310	1156	1370	1102	1371	961	1493	1374	917	1053	1201	1430	1150	1492	1151	1372	1.2322	0.39812	5.0025	1.2322	5.4007	1.5052	65
2803	2183	2273	2888	2980	2979	2887	2640	2274	2186	2884	2807	2365	2885	2804	2184	2889	2806	2277	2886	2805	2981	2890	2278	1.9188	0.95431	2.9692	1.9188	3.9235	2.7186	83
539	593	690	805	766	512	691	657	537	535	538	564	765	626	655	727	536	624	625	563	565	566	592	513	0.79298	1.0121	3.391	0.79298	4.4031	1.0123	83
2982	2562	3077	3377	3371	3376	3078	3372	3274	2819	3173	3278	3273	3480	2898	3270	3076	3271	3174	2469	3272	3182	3175	2897	1.167	0.82184	2.9621	1.167	3.784	1.4367	101
401	472	425	377	424	397	326	423	476	402	498	400	552	403	551	427	376	448	578	422	502	447	579	375	0.54295	6.7241	2.5973	0.54295	9.3214	2.447	59
1242	1347	1463	1241	1465	1464	1814	1348	1902	1825	1669	1349	1824	1404	1604	1530	1405	1402	1293	1536	1744	1904	1294	1907	1.3694	0.34772	9.1003	1.3694	9.448	1.668	67
510	488	428	361	337	415	487	295	463	336	312	436	287	316	477	335	358	503	486	294	362	461	439	437	0.49374	0.21998	2.7318	0.49374	2.9518	0.523	89
725	802	530	613	581	612	754	614	726	555	582	645	647	559	557	528	611	554	643	644	556	558	529	553	0.73925	0.92599	3.4721	0.73925	4.3981	1.0392	68
4021	3397	3599	3696	4025	3947	3600	3601	3790	3948	4020	4082	4022	3702	3499	3396	3500	3297	3603	3876	3300	3501	3954	3398	2.0143	0.24091	6.4394	2.0143	6.6803	2.2299	45
2140	2773	2598	2601	2141	2227	2507	2226	2506	2775	2054	2055	2316	2414	2692	2853	1893	2056	2774	2688	2597	2691	2508	2693	1.6394	0.57461	8.4789	1.6394	9.0535	1.955	78
1361	1420	1422	1198	1423	1306	1149	1421	1304	1251	1100	1307	1363	1364	1305	1252	1360	1308	1253	1099	1362	1148	1200	1199	1.111	7.7437	3.9158	1.111	11.66	5.0763	68
4798	4924	4823	4890	4827	4799	4854	4797	4824	4859	4892	4960	4825	4916	4828	4802	4826	4801	4950	4800	4918	4829	4889	4858	0.77194	0.14826	1.5361	0.77194	1.6844	1.0987	65
328	202	181	283	144	239	162	354	332	308	281	180	261	161	331	282	304	280	125	303	262	217	219	355	0.56749	7.1458	2.6102	0.56749	9.756	2.6321	54
1563	1562	1432	1629	1571	1433	1494	1435	1498	1639	2210	1495	1496	2119	1502	1561	2211	1781	2209	1568	1628	1497	1782	1499	1.6187	1.0926	6.302	1.6187	7.3946	2.1486	79
2162	2436	2247	2161	1908	2712	2345	1748	2709	1909	1747	1994	2710	1993	2160	2344	2529	2435	1828	2343	2618	2621	2338	2246	1.6611	0.20482	8.8107	1.6611	9.0156	1.9298	64
3750	3751	3752	3368	3569	3837	3469	3836	3666	3748	3914	3743	3662	3913	3568	3835	3468	3667	3365	3665	3370	3668	3473	3366	0.6382	0.028557	1.4123	0.6382	1.4409	0.66674	32
3838	3671	3753	4048	4153	4155	4157	4156	4106	4196	4052	4104	4195	4152	4237	4154	4197	3915	4107	4053	4105	4103	3993	3986	0.46893	0.3144	1.442	0.46893	1.7564	0.57472	75
1040	905	1091	1237	1230	1292	950	996	1139	1401	949	1087	1238	1457	904	1459	1239	1186	903	1240	1043	1188	862	1190	0.87916	1.1238	6.8159	0.87916	7.9397	1.1972	70
1684	2095	1686	1934	1933	2009	1685	1766	2015	1675	1765	1843	1768	2182	2014	1687	1545	1767	1849	2096	1848	1841	2010	1615	2.5168	0.14785	4.427	2.5168	4.5748	2.9158	57
2441	2626	2795	2439	2715	2622	2006	2259	1921	2534	2005	2255	2631	2437	2540	2630	2718	2538	1836	2087	1920	2623	2713	2539	1.2467	3.6619	7.0377	1.2467	10.7	1.7472	55
2406	2497	2920	3105	3206	3112	3012	3106	3019	2685	2498	3018	2765	3013	3201	3016	2767	3010	3207	2918	3017	3107	3113	2589	2.0017	0.59582	6.7918	2.0017	7.3876	2.1559	101
2871	3961	2948	2868	3330	3427	2788	3960	4027	2789	2867	3043	3531	2950	2791	3230	2947	3530	4026	3040	2949	3428	2790	3721	2.1899	3.8609	10.251	2.1899	14.112	3.2088	101
3652	3554	3557	4226	3556	3649	3648	3967	3898	3651	3553	3889	3555	3550	3734	4185	3819	4028	3810	3558	3559	3735	3897	4138	1.7357	3.8634	10.647	1.7357	14.51	3.5142	101
