2457	1933	2636	2637	2803	2542	2548	2453	2363	2093	2180	1845	2098	2804	2635	1766	1848	2545	2272	2270	1682	2362	2642	1922	1764	2726	2269	1765	1683	1847	1686	2455	2547	2092	2638	2727	2544	1675	2645	2452	1479	2366	1837	1930	1687	2178	1546	2185	2176	2276	1.4588	0.35337	3.3949	1.4588	3.7482	1.7681	76
2140	1643	2410	1723	2229	1338	2321	1965	1518	2226	1334	1285	1722	1714	1339	1806	2409	2231	1894	1974	1796	2404	1804	2056	2411	2320	1795	1283	1715	1521	2232	2230	2319	1650	2228	1893	1396	1980	2137	1888	2055	1507	1520	2405	2144	1649	1802	1575	2498	1803	1.079	0.41316	9.6688	1.079	10.082	1.2435	74
4796	4756	4662	4663	4564	4685	4812	4729	4783	4770	4682	4757	4845	4587	4867	4868	4589	4837	4689	4869	4713	4588	4667	4664	4739	4898	4874	4841	4784	4839	4733	4870	4638	4794	4809	4703	4810	4765	4849	4642	4590	4811	4838	4785	4730	4732	4871	4741	4899	4481	0.17736	1.0927	0.66297	0.17736	1.7557	0.31528	55
3260	4194	4186	3817	4228	3163	4138	3456	3818	4226	4087	3901	3732	3966	3742	3560	3985	3559	3360	4227	3650	3554	3822	3820	3461	3812	3457	4151	4185	3656	4229	4143	3890	3728	4267	3647	4184	3657	4187	3162	4091	3259	3734	3819	4236	3561	3735	3358	3458	3654	0.79353	4.5285	10.358	0.79353	14.886	5.6217	57
17	30	127	103	29	191	201	10	58	137	131	94	135	85	34	154	4	48	171	49	36	93	35	13	172	187	3	15	170	188	47	54	42	180	209	211	21	59	219	9	165	115	231	60	210	99	73	72	22	16	0.15947	4.4315	1.8994	0.15947	6.3309	0.73057	101
1088	1135	1089	1243	1183	1995	2062	2241	1140	2155	1595	1294	2149	1091	2074	1910	2154	1911	1189	1190	1813	2242	1136	1994	1522	1747	1672	2156	2157	1184	2237	1138	1241	1674	1529	1139	2328	1830	1351	1137	1042	1827	1741	1398	1043	1185	2331	1895	1242	1406	0.55534	1.4029	8.0676	0.55534	9.4706	0.73749	53
2789	3626	3530	3531	3529	3526	2166	2788	2942	3628	2515	3430	2084	2083	2865	3528	2345	2075	3230	1917	2786	2243	2159	2334	3238	2254	2861	2436	3429	2247	2522	3137	2168	2344	2167	2529	2712	4027	2333	2426	2003	3959	3427	1997	2251	2868	2001	2244	2343	2423	0.72624	2.0175	8.9138	0.72624	10.931	0.89219	46
3925	2561	3677	3766	2897	3765	3290	3928	2562	2816	3485	3277	3582	3849	3846	3184	2477	3088	3926	3847	3850	3933	3929	3179	3764	3681	3581	3479	3382	3580	3480	3676	3768	3680	3848	3679	3381	3932	3587	3082	3761	3377	3763	3927	3762	3678	3853	2563	3769	3482	1.1982	1.0445	3.5586	1.1982	4.6031	1.5919	80
4106	3994	3840	4156	3469	3369	3911	3910	3834	4108	3986	4105	4107	4055	3833	4155	3912	3909	3471	4152	3658	3987	3913	4153	4196	3839	3563	3753	3832	3664	4103	4049	4154	3465	4104	3366	4054	4050	3914	3835	4048	4195	3570	3266	3564	4053	4052	3915	4051	3365	0.46883	0.42576	1.3514	0.46883	1.7772	0.67275	101
3694	4386	4085	3594	3775	3496	3859	3774	4290	4353	4412	4391	3695	4217	4213	4298	3860	3699	4214	3690	3600	4326	3953	4256	4172	4417	4079	4255	3939	3938	4291	4173	4415	4414	4077	4413	3875	4008	4024	4320	4068	4123	4356	3936	3954	4007	4069	3599	3702	4215	1.4352	1.2555	5.9664	1.4352	7.2219	1.8668	52
780	1182	693	626	1041	657	705	668	596	940	694	1229	859	897	950	948	862	595	667	806	1231	995	850	767	779	815	704	1233	942	658	994	1232	741	768	1134	944	600	742	1225	1181	905	627	819	599	728	904	659	996	1230	660	0.53281	1.1974	5.9837	0.53281	7.1812	0.84586	75
2005	2540	3156	3252	1921	3157	1836	3811	3355	2622	2532	2006	2541	3248	3054	2799	3154	2623	2087	2531	3646	3253	2535	3724	2437	1920	3242	3159	2530	3155	3152	3455	2801	2255	3349	2438	3160	2346	2879	3059	2883	3249	2959	2262	3727	2169	3049	3256	3810	3889	0.32959	3.4824	8.0612	0.32959	11.544	0.52311	47
4493	4333	4159	4279	4338	4273	4306	4332	4004	4200	4248	4302	4275	4315	4395	4363	4272	4447	4157	4303	4274	4475	4316	4465	4240	4492	4246	4164	4000	4239	4197	4113	4238	4455	4066	4369	4509	4064	4244	4343	4110	4418	4198	4060	4115	4474	4454	4237	4392	4314	0.5897	1.5018	2.6507	0.5897	4.1525	0.94766	101
681	639	710	496	522	523	752	638	614	786	676	751	469	443	647	913	642	715	1097	721	680	789	551	674	753	1056	831	645	646	550	682	494	495	714	960	521	747	787	920	613	519	788	673	549	548	755	468	683	520	677	0.47245	5.788	3.3878	0.47245	9.1758	1.7611	72
296	525	563	430	320	424	594	445	274	444	537	625	552	376	447	685	615	304	566	648	457	420	295	656	373	565	377	336	412	593	398	397	423	421	557	319	499	422	462	318	305	470	540	438	344	524	343	539	691	624	0.28725	1.8205	2.9895	0.28725	4.81	0.42389	75
3293	2830	3105	2843	2913	2126	2046	2497	2918	2481	3301	2035	3302	2211	3205	1872	2215	2132	3100	2398	1794	2045	3108	1878	1877	2753	1875	1870	3201	1873	3394	1964	3097	1874	3196	2129	3109	2128	3195	2485	3012	2299	1963	2403	2044	3110	2839	3106	3204	2673	1.2981	0.055734	7.7948	1.2981	7.8506	1.4762	75
4702	4916	4771	4745	4932	4956	4755	4748	4693	4889	4836	4863	4721	4774	4914	4726	4886	4823	4930	4747	4955	4694	4746	4773	4718	4744	4827	4957	4964	4717	4728	4700	4946	4743	4797	4772	4888	4835	4885	4963	4781	4913	4782	4799	4897	4921	4944	4808	4800	4719	0.15951	0.65068	1.3241	0.15951	1.9748	0.22759	46
1068	885	1106	1104	1116	887	1571	842	1713	1503	1429	1217	921	1211	1021	1709	802	804	1022	1071	975	1710	1370	1432	1642	844	762	1497	843	837	1431	839	1495	1115	840	974	878	1069	1572	803	886	763	1204	1117	801	1313	1712	973	1569	798	1.0592	0.89292	5.8246	1.0592	6.7175	1.2992	54
3218	3320	2941	2693	3022	2692	2413	2601	2510	2925	3523	3316	3215	3118	2325	2860	2514	3021	3207	3213	2414	3409	3608	3028	2416	3623	3803	2844	3321	3214	3422	2513	3512	3419	3956	3715	2682	2322	3032	2419	2764	2604	2512	3018	2507	3713	2323	3017	3124	2511	0.91198	0.067508	8.3625	0.91198	8.295	1.0142	61
1688	1698	1554	2201	1778	1198	1249	1553	1252	1938	1864	1631	1488	1689	1779	1307	1775	1557	1629	1253	1308	1197	1309	1950	1369	2381	1703	2034	1422	1866	2114	1202	1485	1489	1623	1200	1363	1490	1699	1624	1199	1251	1494	1201	1364	1487	1556	1304	1362	2468	0.95303	2.0915	4.9855	0.95303	7.0771	1.7777	89
