2638	2454	1765	1684	2455	2452	2637	2558	2102	1761	1847	1934	2357	2457	1479	1543	2635	1682	1687	1546	1848	1613	2092	2550	1922	1615	1932	1768	2015	2458	1933	2642	2544	2370	2551	2639	2366	2726	2269	2182	2091	2643	1766	1837	2456	2369	1685	1839	2263	2727	2277	2546	1545	2185	2007	2547	2549	2803	2362	2361	2093	1764	1763	2354	2365	2009	2270	1758	2367	1840	2724	2363	2725	2179	2804	1.7058	0.46927	3.3511	1.7058	3.8204	1.9348	95
2321	2411	2141	2223	2227	1715	2054	2056	2055	1728	1284	1335	2501	1456	1386	1965	1580	1975	1331	1796	1521	1583	1879	1723	1795	2319	1650	1880	1652	1285	2591	1582	2499	2229	1807	2409	1973	1340	1888	2500	2057	1805	2404	1887	1651	2498	2226	2224	2140	1970	1455	1396	1649	2407	1579	2228	1808	2312	2406	1394	2405	1385	1893	1722	1804	1971	1395	1974	2408	1339	1643	2139	2142	1806	2315	1.4617	0.39701	9.2142	1.4617	9.6113	1.6548	59
4608	4596	4816	4796	4871	4741	4815	4819	4709	4618	4715	4738	4792	4879	4846	4818	4762	4740	4607	4662	4822	4787	4849	4686	4733	4561	4633	4764	4632	4793	4765	4842	4878	4481	4814	4847	4843	4817	4683	4582	4737	4876	4572	4766	4790	4620	4788	4595	4685	4898	4845	4638	4639	4661	4789	4873	4734	4688	4869	4644	4571	4791	4877	4742	4767	4770	4710	4568	4708	4899	4763	4794	4820	4795	4666	0.54282	0.72309	1.079	0.54282	1.8021	0.59261	101
4229	3822	3733	3904	3652	3738	3356	3556	3818	4151	3742	4185	3728	3977	3459	3456	3358	3555	4028	3457	3655	3161	4236	3653	3258	3460	3741	3736	3357	3257	4029	3820	3891	3162	3649	4235	4138	3812	3458	3813	3965	4271	3557	3982	3260	3737	3901	4037	3890	3897	4090	3561	3163	3821	4227	4093	3647	3985	3360	3651	3829	3554	3894	3259	3461	3657	3359	3650	3558	4226	3654	3656	3559	3732	3648	1.4512	2.4499	11.573	1.4512	14.023	5.5619	101
10	125	60	120	102	66	154	218	210	87	57	147	171	34	206	109	231	82	30	84	208	3	103	22	229	45	239	186	71	183	211	113	190	80	47	28	73	225	96	224	17	112	83	170	35	98	115	189	137	153	69	49	172	94	79	54	72	36	23	191	178	81	97	221	58	219	101	167	48	118	133	111	180	15	119	0.19717	3.9296	2.2856	0.19717	6.2152	0.75227	62
2242	1911	1088	1522	2155	2332	1188	1749	1294	2151	1138	1183	1995	2070	1409	2158	1603	1600	1739	2238	1236	1355	1830	2241	1299	1602	1994	1190	2330	1187	1135	1293	1604	2239	1140	1239	1463	1139	1137	1402	1189	1241	1091	2331	1287	1527	2074	2420	1089	1910	1289	1240	1136	1243	1295	1242	1824	1238	2071	2326	1090	1290	2073	1186	1292	1042	1829	2157	1411	1993	1536	1298	1909	1349	1043	0.6292	1.1117	8.1209	0.6292	9.2326	0.8872	101
2610	3529	2429	2792	3427	2862	3960	3531	3626	1912	3333	3428	2426	3959	2436	2621	4027	3131	2782	2075	2522	2243	2159	2084	1914	2529	2867	1751	2424	3423	3425	3230	3530	2520	4026	1916	1996	3328	3961	3882	3138	2710	2521	2333	3528	2423	2345	3885	2712	2164	3238	2711	1918	2435	2863	3048	2163	2515	3884	2244	2077	2866	2620	2335	2956	2252	2254	3538	2516	2783	3883	2702	2609	3526	2342	0.96409	1.4199	9.5342	0.96409	10.954	1.0359	59
3767	3580	2658	2827	3928	3381	3281	3682	3689	2653	2563	2561	3761	3482	3288	3931	3184	3280	3686	3681	3927	2472	3850	2900	3929	2480	3086	2562	3479	3688	3279	3846	3849	3182	3377	3380	3765	2818	3683	3585	3848	3766	3773	3676	3772	3276	3581	3764	2570	3378	3926	3001	3678	3925	3762	3847	2560	3083	3379	3770	3493	3680	3483	3181	3857	3082	3484	3480	3685	3584	3091	3851	3763	3593	3481	1.1318	0.47167	4.1604	1.1318	4.6321	1.3244	69
3837	3755	3913	3468	3911	4156	3993	3470	4048	4154	4196	4107	3269	4108	3365	3986	3569	4152	3572	3664	3914	3575	4106	3169	4103	3367	3568	4055	4054	3910	3579	3752	3570	4052	3909	3994	3912	3361	4053	3268	3922	3750	3989	4153	3469	4104	3915	3834	4155	3833	4195	3835	3751	3916	4051	3374	3665	3987	3369	4105	3992	3266	3571	3832	3840	3991	3831	3836	3749	3666	3838	3753	3366	3667	3567	0.47654	0.34918	1.4811	0.47654	1.8303	0.68667	57
4008	4260	4069	4074	3598	4175	3498	4172	4072	3594	3858	4352	4181	4070	4073	4438	4017	3704	3859	4223	4383	4137	4417	4130	3783	4255	3496	3607	3495	3690	3694	3935	4416	4441	4327	4440	3595	3785	4415	3937	3775	4437	3777	4213	3781	4355	4411	4025	3949	3779	3503	3497	4291	4024	4458	3691	4414	3502	4068	3940	3868	4386	4214	3703	4218	4322	4387	3862	3596	4353	3500	3506	4433	4408	3788	1.398	0.75885	6.4118	1.398	7.1707	1.6153	44
820	736	950	596	705	1176	662	740	630	1087	1134	1041	780	856	862	777	1086	595	1130	993	692	599	861	817	903	661	1225	901	1227	1040	778	779	657	995	766	658	904	668	1126	902	946	1233	936	693	742	905	819	667	627	858	949	932	948	626	694	1232	567	1123	818	860	631	659	729	628	1230	1024	597	1231	996	947	1083	776	859	992	945	0.77704	0.98793	6.2917	0.77704	7.2796	1.0265	66
2965	3455	2799	2800	2622	2005	2006	2879	3144	3355	2973	3062	2880	3156	3548	3553	2628	2719	2974	3452	2627	3061	2437	3550	3447	3448	2087	2262	2530	2969	2172	3051	2255	3256	2713	3254	3445	3347	2798	2797	3153	3646	2722	3350	1921	3454	3549	3160	2623	3253	2541	3159	1836	3255	3154	2535	3354	3552	3811	3341	3353	3248	3644	2346	3249	3451	3157	3453	3450	2441	3727	3551	1920	3155	3060	0.54287	2.2915	9.4835	0.54287	11.775	1.3894	59
4341	4339	4168	4200	4371	4158	3998	4464	4312	4368	4310	4278	4340	4157	4333	4367	4396	4164	4392	4203	4394	4475	4197	4370	4335	4272	4302	4202	4112	4206	4309	4448	4004	4364	4277	4248	4159	4240	4166	4201	3999	4062	4363	4444	4162	4000	4239	4334	4344	4058	4500	4207	4198	4401	4482	4061	4237	4238	4332	4493	4305	4474	4488	4454	4473	4287	4242	4304	4003	4161	4303	4109	4453	4063	4446	0.65848	0.97716	3.2504	0.65848	4.2275	0.98372	92
581	912	825	913	674	679	1005	580	683	789	797	613	551	759	748	1053	868	607	496	1101	1054	519	750	641	614	523	638	711	647	917	646	1007	550	790	753	754	548	749	612	645	684	960	522	1052	642	574	577	836	710	787	576	713	869	714	796	606	786	579	1010	605	1001	793	578	644	609	827	751	682	611	547	643	469	637	495	608	0.5737	5.4809	3.8746	0.5737	9.3556	1.7453	52
368	314	318	457	564	476	502	625	310	475	691	376	389	374	537	497	509	582	524	316	302	566	273	403	594	552	538	280	320	385	461	503	435	408	296	563	424	488	655	462	426	446	557	375	593	303	510	355	437	439	525	486	304	553	422	274	401	423	400	373	470	485	514	328	499	656	529	565	592	315	624	349	282	425	653	0.33686	2.0229	2.9822	0.33686	5.0051	0.53194	79
2831	3004	3007	2496	3097	3107	2036	3106	3009	2484	3195	2387	3202	3292	2046	3302	2132	2843	2921	2750	3201	3110	2920	3204	1878	3200	2680	2121	3394	1794	3294	2919	1793	3099	3293	3194	3301	1964	3015	2045	2397	3012	2044	2911	2301	1963	3011	3205	1877	2923	3298	2578	3196	2129	3392	2487	1962	3005	2590	2311	3109	2035	2837	3300	3291	2909	1873	3297	2589	3108	3013	3397	3295	3098	2210	1.3587	0.61431	7.1106	1.3587	7.7249	1.5515	101
4743	4772	4829	4925	4755	4934	4944	4746	4824	4919	4716	4939	4719	4717	4671	4797	4673	4957	4774	4655	4858	4668	4670	4744	4923	4803	4960	4938	4771	4647	4864	4836	4951	4720	4798	4828	4854	4781	4696	4859	4625	4773	4825	4890	4937	4827	4963	4701	4691	4777	4889	4675	4672	4857	4723	4718	4721	4751	4602	4669	4692	4804	4750	4745	4920	4645	4747	4888	4694	4799	4823	4695	4646	4856	4826	0.33147	0.22974	1.9832	0.33147	2.2129	0.42979	33
798	842	1496	843	977	1108	921	1167	1440	1566	1205	1266	1429	1571	887	1642	1570	1500	1711	878	804	1019	1574	1011	929	1319	1431	1106	1567	1071	764	1713	840	1023	1314	1370	844	1495	1113	1430	974	1565	803	1105	1506	1637	1498	1069	924	931	802	1209	922	1117	1070	1497	1012	1499	930	801	1790	1710	1712	800	1573	1709	976	885	1433	837	1641	966	975	1371	928	1.2704	0.46549	6.3126	1.2704	6.7781	1.5095	53
3120	2850	3617	2924	3030	2413	3521	2925	3418	2694	3420	2776	3719	2845	2507	3802	2844	2514	2602	2606	2693	3118	2859	3621	2593	3791	2599	3793	2322	3422	3803	3032	3623	3412	2691	3016	3114	2780	2598	2601	3877	2592	2855	3790	2926	3224	2415	3017	2506	3716	3718	2414	3523	2931	2683	3018	2697	3221	2508	3608	2852	3031	2779	3033	2764	3878	3620	3320	2860	2941	3117	2505	3513	2605	2853	1.0439	0.13316	7.9614	1.0439	8.0946	1.1316	68
1778	1622	1369	2294	1701	1632	2285	1310	1629	1197	1779	1558	1562	1695	1149	1364	1493	2118	1420	1688	1555	2019	1198	1864	1865	2034	1630	1307	1423	1863	1361	1486	2198	2282	2204	1494	1626	1490	2378	1780	1488	1150	1427	2119	1700	1556	1699	1249	2114	1147	1428	2376	2379	1308	1312	1253	1557	1689	1491	2381	1627	2377	2021	1196	1367	1362	1421	1554	1781	1250	2291	2203	1561	1702	1628	1.1354	1.7272	5.4372	1.1354	7.1644	1.948	42
