2455	2453	2181	1477	1479	1768	2454	2635	1767	1840	2727	1478	2267	2364	2269	2451	1765	1687	2099	1932	1414	1936	1933	1935	2363	1764	2550	1766	1850	2014	2182	2094	2270	1848	2362	2457	2010	1849	1852	1851	2641	2542	2367	2179	1686	2361	2637	2543	1755	1682	0.83501	0.17292	3.6422	0.83501	3.8151	1.1108	74
2411	1658	1808	1889	1652	1807	1519	2321	2410	1587	1730	1589	1657	1888	2318	2320	1655	1728	2136	2499	1891	2137	1723	2498	1588	1656	2404	1971	1806	1586	1284	2220	1887	2405	1387	1727	1724	1890	1651	1811	1977	1809	2232	1654	1455	1729	1804	1338	1973	1521	0.49079	0.55981	8.6609	0.49079	9.2207	0.78097	51
4565	4759	4783	4898	4765	4789	4875	4656	4848	4729	4613	4703	4874	4733	4899	4815	4820	4735	4679	4900	4661	4762	4905	4761	4814	4786	4812	4869	4867	4684	4868	4756	4680	4839	4840	4663	4873	4841	4635	4683	4871	4616	4842	4690	4687	4846	4657	4813	4787	4901	0.049422	1.0751	0.42293	0.049422	1.498	0.18073	100
3890	4271	4102	4194	3983	3652	4226	3654	4028	3891	3554	4236	3742	3741	4029	4094	3966	3984	4185	3812	4101	3813	3899	3908	4151	4267	4184	3829	3459	3360	4036	3558	3967	3651	4227	3736	4047	3357	4190	3728	3985	3907	4035	4193	4229	3356	3828	3557	4138	4235	0.37453	5.4624	7.1191	0.37453	12.582	0.92973	54
170	188	34	60	8	10	130	109	94	54	92	2	136	35	36	131	5	97	21	6	53	101	167	9	171	49	127	208	48	189	13	209	47	125	113	200	153	132	98	17	150	190	23	168	3	24	137	108	126	73	0.1125	3.7102	2.6131	0.1125	6.3233	0.27924	73
1604	1472	1471	1135	2332	1601	1091	2236	1412	1536	2147	1817	1185	1470	1139	1188	2329	1138	2328	2158	1140	2069	1594	1347	2330	2327	1090	1990	2150	2237	1674	1088	1741	1995	1350	1137	1673	1910	1743	1989	1469	1994	1534	1411	1043	2235	2071	1243	1529	1089	0.25676	1.1036	7.9912	0.25676	9.0948	0.493	62
3626	3435	1912	2002	2243	2333	3044	1918	1754	2423	2345	3527	2254	2337	2870	2867	3428	3721	1916	2168	2529	2253	2334	2252	2335	3238	2425	2956	2431	2075	3526	2705	3534	1831	2160	2786	2436	2427	2003	2865	2166	2159	2083	1835	2429	2001	3434	2785	2244	2082	0.29079	0.52351	10.278	0.29079	10.801	0.88744	54
3191	3001	2562	2569	2477	3761	2480	2740	3189	3772	3763	2660	3494	2816	3847	3683	3484	2734	3926	2570	2475	3676	3762	2998	2817	3282	2384	3848	2736	3846	3582	3849	3677	2476	2572	3276	2479	3380	3925	3280	2898	3680	3287	2478	3382	3929	3583	3687	3678	2659	0.90912	0.29405	4.0808	0.90912	4.3749	1.1204	51
3261	4107	3913	4108	4155	3909	4055	3912	4054	3986	3914	3747	4048	3839	3569	3910	3830	3995	3911	3919	3924	3831	3462	3743	3923	3832	3744	3833	3575	3990	3758	3840	3745	3754	4152	4053	3464	3746	3567	4156	3915	3072	3563	3659	3463	3751	3364	3837	3994	3753	0.61298	0.4113	1.4565	0.61298	1.8678	0.90315	48
3943	3601	4441	4012	4416	3937	4413	4385	4016	3941	4458	4438	4356	3954	4414	4017	3946	3863	4299	3938	3864	4085	3942	4015	4073	4014	3862	4415	4324	4437	3945	4131	4459	4439	4183	3869	3699	3497	4075	4386	3868	4129	3600	4213	4460	3867	4355	3596	3953	4013	0.58887	1.0233	5.8004	0.58887	6.8237	1.1106	73
950	1233	1182	1072	1227	1174	1231	1080	777	1134	600	705	862	905	904	668	949	948	1024	740	815	820	861	569	995	1230	903	1180	860	742	598	741	1128	898	819	1228	1175	773	1041	902	996	704	994	780	779	859	993	858	1179	1229	0.68442	0.76252	6.4141	0.68442	7.1766	0.96175	45
3153	2445	2721	3727	2262	2541	2720	2540	2970	2633	3061	2353	2169	1921	3252	3154	2255	2443	2538	2257	3355	3455	3247	3152	2347	2722	3160	2256	3068	3345	3062	2437	3151	3889	2537	3059	2346	3248	3060	2963	3544	3245	3053	2446	3553	2795	3256	2261	3146	2005	0.08281	1.7195	9.6768	0.08281	11.396	0.24921	37
4398	4309	4394	4246	4287	4316	4493	4056	4313	4392	4111	4444	4314	4165	4418	4509	4004	4370	4205	4373	4312	4310	4475	4343	4375	4341	4247	4474	4446	4396	4311	4395	4456	4057	4058	4443	4315	4423	4161	4062	4492	4278	4344	3996	4282	4342	4426	4454	4206	4455	0.46674	0.96495	3.1862	0.46674	4.1511	0.88556	64
720	869	787	522	549	647	614	575	544	469	551	495	641	711	834	719	643	674	1054	827	639	547	718	684	1049	646	606	683	788	721	496	640	642	679	607	1003	548	645	443	609	581	637	576	1098	546	828	638	611	677	682	0.46969	4.3885	4.4716	0.46969	8.8601	1.3331	60
584	463	537	437	427	439	413	615	582	294	367	387	566	594	538	511	429	583	552	585	524	648	487	438	475	412	396	616	451	617	419	509	553	691	319	470	498	444	554	420	586	425	565	525	445	527	512	499	394	397	0.26569	1.7302	3.2934	0.26569	5.0237	0.34802	55
2749	3395	1870	3302	2393	2751	2831	3003	2123	2668	2039	1955	2762	2040	2122	2394	1876	2392	3097	2491	1959	2129	2126	2124	2038	3194	3010	2299	2395	2920	2911	2483	2391	2666	2037	3110	2300	2390	2209	1877	2667	2921	2207	2487	2485	2829	2754	3205	1878	2211	0.41101	0.12117	7.4783	0.41101	7.3571	0.7726	70
4859	4948	4918	4959	4890	4799	4934	4798	4893	4923	4920	4823	4951	4950	4962	4851	4953	4891	4930	4933	4949	4888	4922	4887	4916	4958	4957	4938	4806	4853	4937	4858	4808	4961	4826	4912	4932	4960	4931	4919	4939	4921	4827	4884	4944	4860	4964	4897	4917	4913	0.045511	1.7365	0.45961	0.045511	2.1961	0.18251	60
1496	1563	1498	1638	1430	921	1260	1265	841	801	1429	1022	800	1261	1495	1572	1314	1790	1433	975	880	1370	1204	1153	1637	1313	1156	802	1371	977	1258	1315	804	1568	1155	1117	1571	1379	1166	1431	1564	1152	1432	1711	1118	798	1434	885	878	1317	0.7158	0.47468	6.1235	0.7158	6.5982	1.1604	71
3310	3018	2412	3217	2416	2682	3017	3116	3415	2605	2941	3122	2845	3511	2417	2597	2606	3308	3790	3799	2693	2765	3019	3794	3117	3881	3802	2846	2927	2690	3021	3022	2507	3521	2689	2508	3715	2415	2324	3118	2325	3115	2418	2926	2764	2503	3309	2924	2683	3112	0.23406	0.22143	7.9359	0.23406	7.7144	0.56934	90
1369	1311	1700	1555	1255	1367	1423	1428	1493	2108	1486	2383	1944	2468	1483	1249	1862	1424	1630	1562	1309	2019	1305	1780	1365	1310	2029	1425	1853	1494	1938	1418	1484	1366	1561	1623	1368	2114	1427	1364	1492	1778	1256	1312	1203	1490	1860	1426	1252	1360	0.36962	0.76327	5.756	0.36962	6.5192	0.66224	90
