2638	2637	2543	2457	2545	1848	1837	1763	2270	1765	1764	1682	2015	1766	2547	2640	2636	2804	2269	1755	1924	2361	1849	2362	2180	2271	1933	2803	1767	1847	1934	2724	1686	2364	2179	2727	1685	2454	2646	1687	1.4566	0.36268	3.4725	1.4566	3.8352	1.8034	88
1974	2591	2411	1649	2320	1580	1886	1650	2060	1804	2321	1726	1456	2145	1521	2498	1980	1395	2056	1795	2232	1721	1714	1803	1965	1455	1285	2410	2228	2142	1879	1340	2229	1728	1722	2053	1449	2500	1892	1335	1.0525	0.36585	9.6619	1.0525	10.028	1.1733	72
4770	4710	4688	4756	4737	4821	4712	4510	4871	4869	4766	4838	4878	4711	4664	4809	4783	4839	4837	4846	4811	4729	4796	4870	4810	4613	4868	4658	4733	4840	4813	4841	4812	4867	4784	4715	4757	4898	4481	4730	0.16525	1.168	0.5803	0.16525	1.7483	0.29598	39
4047	3559	3819	3461	3737	3653	3891	3554	3817	3900	4028	3976	3651	4227	3655	3890	3650	4184	3821	3654	4034	4236	3358	3260	3966	3742	4235	4194	3163	3356	3657	3161	4226	3360	4271	4151	3812	3965	3556	3906	0.88291	4.4382	9.9845	0.88291	14.423	5.9048	100
30	172	82	29	9	126	42	210	167	16	81	57	22	80	102	21	36	191	45	66	10	211	35	142	239	252	79	48	207	231	49	17	113	47	4	14	23	44	60	86	0.15072	4.6327	1.6523	0.15072	6.2851	0.71804	83
1590	2155	1463	2332	1349	1895	1243	2071	2153	1242	1043	1239	1088	1289	1190	1140	1355	1472	1135	1292	1240	2074	1346	2328	2147	1994	1295	1995	1993	2330	2241	1189	2073	1739	1909	2238	1668	2329	1091	1294	0.58405	1.0045	8.4353	0.58405	9.4398	0.77227	82
2781	3531	1753	3883	3804	3034	2243	2615	2529	2159	2345	3437	2333	1754	4026	2334	3328	3530	2423	2254	1752	4027	2435	1912	2698	2515	3238	3428	3961	2337	2436	2344	2522	2704	3230	1918	2621	3429	2528	2948	0.7858	1.1751	9.7519	0.7858	10.927	0.84313	85
3855	3184	3382	3846	2476	3853	3849	3761	3928	3676	3854	2479	2561	3376	3927	3480	3083	3850	2560	3929	3479	3847	2562	3277	3926	3580	3925	3377	3281	3773	3848	3278	3689	3763	3680	3583	3584	3934	3930	3764	1.0923	0.99881	3.6388	1.0923	4.6376	1.4452	65
4156	3570	4107	3266	4104	4154	4153	4055	3914	4108	4105	4152	4195	4196	3753	3665	4054	3995	3836	3573	4155	3839	3987	4048	3366	3568	3365	3993	4103	3835	3912	3986	4106	3913	3834	4053	3911	3915	3364	3988	0.42947	0.43091	1.381	0.42947	1.8119	0.61073	101
4011	4326	4441	3775	3690	3598	3938	3937	4255	4025	3860	4412	3695	3863	3594	4385	3694	4438	3875	3780	4439	4417	4290	4413	4213	4440	4217	4414	4085	3953	3495	4461	4437	4216	3502	3400	3954	3605	4214	4172	1.2417	1.675	5.5489	1.2417	7.2239	1.6786	72
949	732	950	1233	815	1231	984	626	948	668	820	705	728	1230	862	985	1225	768	658	657	932	692	694	597	595	780	693	704	627	1181	769	766	729	945	1178	1085	819	995	741	861	0.59013	2.1917	5.1395	0.59013	7.3312	0.86424	92
3552	2169	3060	2262	3059	2970	3146	2005	3150	2437	3727	2971	2255	2800	3353	2257	3154	2622	3249	3550	2538	3159	2719	1920	2006	3811	1921	1836	2256	3455	3250	3050	2541	3355	2623	2346	2087	3143	3251	2540	0.36369	3.7345	7.7607	0.36369	11.495	0.51891	37
4157	4240	4199	4392	4307	4167	4420	4168	4170	4482	4158	4273	4058	4201	4004	4197	4302	4117	4198	4171	4113	4363	4205	4493	4492	4109	4475	4364	4237	4454	4204	4418	4111	4474	4304	4056	4242	4393	4241	4251	0.53483	1.7063	2.5236	0.53483	4.2299	0.86572	54
788	614	1003	676	578	748	606	581	551	710	609	876	613	469	786	673	828	647	577	580	574	679	870	523	684	496	638	715	547	832	575	789	646	607	869	521	717	443	683	494	0.46008	5.9747	3.3396	0.46008	9.3143	1.7636	40
566	295	421	296	336	303	470	398	444	565	552	563	319	615	337	594	415	400	498	625	274	397	726	592	475	389	414	412	461	593	425	463	445	332	391	342	328	526	316	420	0.28388	2.033	2.8425	0.28388	4.8755	0.46614	76
2403	2909	1878	2046	2753	3200	3302	3301	2299	3109	1964	2589	1963	1870	1871	2911	2763	2913	3195	1873	3105	2917	2045	2400	3393	2920	1794	3204	3014	3205	2124	3110	3012	3394	3197	2831	2497	2678	2919	2305	1.1851	0.53367	7.2893	1.1851	7.8229	1.3555	50
4691	4772	4782	4826	4862	4947	4744	4692	4695	4836	4896	4771	4865	4720	4719	4797	4747	4694	4827	4655	4693	4746	4808	4958	4743	4798	4717	4866	4914	4799	4923	4911	4939	4702	4807	4935	4823	4755	4728	4835	0.19967	0.4692	1.6558	0.19967	2.125	0.36051	53
887	801	1709	1371	1022	1637	1574	804	1432	1105	803	970	842	1314	1379	1257	1642	1104	1313	802	928	1023	1116	844	1433	1429	930	1215	1373	1152	1573	929	1370	1711	764	1380	1155	1498	843	1495	1.1388	1.1267	5.6924	1.1388	6.8192	1.3988	101
2849	2597	3521	2514	3612	2322	2413	2928	2601	3790	2933	2682	2507	2511	3719	3708	2764	2941	3117	2694	3624	3623	2780	3016	3876	3030	2860	2324	2606	3420	2596	2856	3803	2939	3017	2600	3512	3617	2844	2935	0.94811	0.097156	8.1554	0.94811	8.2525	1.075	101
1491	1312	1696	1200	1249	1554	1369	1700	1365	1364	1252	2375	1699	1146	1689	1306	2292	2114	1426	1251	1198	1494	1860	1361	1421	1307	1485	1250	1147	1362	1490	1780	1697	2293	2470	1201	1199	1197	1149	1305	0.89813	2.5288	4.6071	0.89813	7.1358	1.9367	101
