2505	3018	1709	3410	2320	3495	1712	3597	2687	3609	2581	3016	3878	3390	3399	2768	3507	2226	2294	2395	2228	3196	1714	3599	3389	3954	2597	4025	1878	2412	2763	2480	3496	2770	2671	1713	1787	2411	3786	1640	3394	3955	3952	3208	3293	1711	1641	3956	3398	3197	3107	1638	3393	1886	3023	3951	3290	2757	3784	2045	3783	2577	3294	2688	3598	3309	3288	3614	1715	2588	3299	3877	3391	3514	2758	2931	3115	3785	2751	1885	3871	3953	2047	1639	1570	2769	3190	1877	3204	3512	1869	2925	2917	3696	3395	3006	3109	2918	3872	3191	0.95849	0.65274	6.9863	0.95849	7.6391	1.1188	98
409	294	9	70	283	355	240	487	435	49	108	379	281	530	211	391	303	119	334	443	146	407	504	231	179	136	502	383	341	4	389	135	262	17	565	288	475	164	227	131	271	457	375	539	501	385	405	230	438	377	224	109	152	104	531	207	529	500	226	132	503	127	335	293	339	166	399	210	120	381	462	116	512	169	258	181	414	150	191	153	126	16	167	484	128	242	165	476	251	111	170	287	137	559	142	452	413	282	10	566	0.30967	3.2078	2.7746	0.30967	5.9824	0.61077	26
625	779	905	567	1661	902	1080	594	1043	657	888	1453	1447	1450	950	668	1894	1091	1642	665	1239	860	900	1087	1230	996	705	1075	1803	1572	995	1729	1887	889	1593	1042	742	1134	1135	1185	704	976	595	1978	820	741	738	1649	731	780	862	1348	1040	853	948	667	819	1140	861	730	1032	1459	904	1184	1291	859	1401	1456	1033	1089	1457	903	1323	944	816	1717	1571	777	1812	1392	1290	703	1658	1139	626	596	1527	1187	1240	599	1136	628	1242	1021	949	1190	1526	1811	1405	1090	0.56883	1.3677	6.8901	0.56883	8.2578	0.84822	57
3963	2800	3250	3163	2713	3547	2538	2005	4138	3737	3346	3158	2714	2623	2634	3248	2722	4047	3260	4194	3452	3153	4236	3653	1921	2624	3438	4027	3160	3065	3162	4102	3456	4226	2541	3808	2802	2883	2880	3967	2630	2974	3253	3734	3549	2633	3560	3648	3740	2881	3820	3961	3543	3061	3732	2169	2720	3251	2723	4034	2801	2006	3657	2540	2632	3457	2262	2531	3143	3896	3742	3557	3561	2968	2437	3154	3548	3360	3638	3355	3161	3356	2882	4151	2622	3068	3238	2346	1836	1920	3259	3354	2877	2721	3252	3461	2530	3067	3655	3351	0.65805	2.9995	9.7362	0.65805	12.736	1.9328	69
2345	1406	2241	1528	2955	3803	2156	1979	1733	3530	1906	2949	2525	3436	3629	2152	1994	3719	2421	1743	2247	3033	2698	1532	1471	2239	3318	3723	3325	3416	2697	2521	2436	1748	3030	1464	2951	2712	2529	1753	2612	2693	1472	3027	1598	1672	2330	3533	1412	3797	1531	1594	3428	2864	1754	2343	2853	2246	2868	1469	1465	2776	2860	2785	3327	3427	1409	1988	3959	1470	1666	1907	3958	1533	3960	3626	1410	2854	3123	2002	2621	2234	3625	2325	1355	2168	1989	2613	2238	3431	1351	2077	2081	3122	2252	2616	3529	1603	1529	3807	0.64891	0.55066	10.214	0.64891	9.6633	0.66696	66
3909	2570	4202	3910	4272	4278	3831	3842	4302	3480	4053	3754	3759	3475	3369	4335	3911	4152	3917	4052	4304	4243	3991	4241	3361	4306	4061	3837	4048	4334	4050	4103	3839	4332	4163	4108	4199	4153	4273	3574	4277	3080	4000	3986	4049	4107	3075	3912	3164	3996	4237	3830	3988	3833	3840	3992	4303	3744	4051	3473	4195	3832	4154	4104	3913	3987	3915	3924	2743	3752	3760	4364	4196	2569	3838	4054	3834	3370	4201	3990	4238	3914	4057	3835	3916	4105	4162	4155	2896	4203	3756	4197	4274	4114	3743	4157	4106	4198	4156	4242	0.44256	0.84071	1.8341	0.44256	2.6748	0.63056	58
4442	3773	4531	4073	4517	4572	3775	3690	4426	4327	4393	3782	4001	4453	4395	4493	4115	4244	4481	4208	4441	4462	4488	4551	4137	4121	3691	4418	3858	4206	4549	4533	4120	4164	4516	4353	4509	4024	3589	3492	4062	4204	3695	3859	4512	4316	4205	4287	4420	4245	4310	4388	4515	4513	4341	4122	4369	3769	3693	4417	3870	4165	3931	4550	4209	4494	4440	4320	3592	3943	4455	4498	4530	4166	4125	4492	4480	4084	4497	4168	3932	4499	4510	4532	4460	4290	4478	3694	4324	4344	4392	4365	4116	3939	4449	4496	4458	4472	3596	4430	0.83061	1.313	4.4321	0.83061	5.7451	1.0606	44
527	622	1378	750	639	1253	924	640	1252	637	1307	1305	496	788	1627	1636	683	528	468	1111	1637	1488	1424	800	1502	1267	552	1431	526	870	1006	556	578	1633	1363	520	525	914	1422	1304	555	467	1566	1499	1255	554	1437	797	747	804	1198	1423	1322	588	1428	1867	724	623	827	1009	591	766	1014	723	959	918	643	1058	524	606	1362	762	618	1199	678	647	1501	759	919	1567	969	757	590	720	926	553	497	1372	1150	644	641	1557	1251	580	612	755	1265	1707	1262	763	0.67821	2.4517	4.7901	0.67821	7.2418	1.1244	64
4939	4717	4675	4666	4892	4747	4959	4734	4923	4743	4570	4941	4716	4507	4750	4641	4865	4830	4727	4619	4951	4938	4834	4703	4898	4869	4664	4548	4761	4644	4621	4673	4627	4718	4626	4571	4748	4701	4586	4808	4926	4960	4937	4749	4915	4738	4715	4801	4775	4602	4932	4844	4929	4744	4815	4800	4771	4824	4691	4897	4802	4742	4922	4847	4669	4693	4919	4917	4547	4596	4622	4778	4650	4900	4826	4620	4745	4950	4736	4567	4463	4676	4725	4776	4661	4921	4696	4797	4595	4774	4539	4668	4692	4486	4722	4568	4940	4823	4769	4593	0.42162	0.29169	2.2928	0.42162	2.5845	0.5653	61
1485	2027	2031	2267	2292	2806	2179	1938	1556	2654	1700	1852	1755	1855	2201	2565	2093	2805	1617	2095	1863	1923	2653	2884	1487	2455	2804	1486	2803	1698	2568	2567	2117	2293	2014	2566	2203	2808	2562	1699	1537	2189	2188	1848	2173	2476	2635	1543	2549	2365	2475	2266	2886	2275	2016	2885	1626	2015	1625	1697	1555	2641	1765	1615	2176	1866	2101	2456	1948	1421	2470	1782	2724	2274	2478	2640	1842	1756	2180	1934	2096	1777	2639	2449	1544	1696	1479	2728	2115	2183	2542	2477	1937	2362	1675	2271	1554	2655	2474	2385	1.2602	0.92244	4.6529	1.2602	5.5753	1.7797	75
