2014	1478	2267	2544	2724	1847	2803	2726	2448	2452	2273	2638	2637	2362	2804	2545	2270	2177	2179	1848	2092	2360	2725	2547	2636	1933	2093	1765	1837	1764	2010	2447	1755	2269	2639	1849	2184	1932	2640	1922	2271	2013	2088	2361	2454	2727	2459	1838	2646	2096	1.6056	0.39573	3.2696	1.6056	3.6654	1.8998	80
1643	1587	1889	2407	1651	1807	2321	2320	2056	2411	1340	1891	2318	2061	2231	1285	1656	1580	1714	1795	2145	1809	1805	1657	1450	2405	2230	2410	2319	2227	1282	1386	1652	1803	1455	1387	1729	2404	1888	2055	1581	1879	1973	1518	1284	2226	1649	2232	2141	1283	0.95057	0.27638	9.3126	0.95057	9.589	1.1255	66
4636	4867	4841	4663	4690	4656	4737	4742	4662	4661	4735	4738	4757	4686	4665	4708	4729	4816	4762	4657	4764	4792	4637	4639	4761	4617	4703	4714	4732	4634	4710	4847	4739	4809	4756	4688	4638	4679	4820	4876	4838	4874	4689	4766	4680	4769	4898	4788	4785	4817	0.060332	1.1784	0.37546	0.060332	1.5539	0.23531	74
3734	4101	4236	3983	3742	3984	4226	4102	4234	3656	4271	4046	4227	4185	3655	3904	3741	3649	4235	3554	4148	3985	3829	4151	3973	3163	3732	3907	4186	3819	4269	4228	4193	3651	4194	3652	3650	4270	4045	4233	4268	4187	4047	4267	3828	3735	4229	3908	3733	4184	0.50783	7.698	4.9621	0.50783	12.66	1.506	68
47	251	94	119	29	34	10	150	147	137	35	172	49	54	143	190	3	36	136	5	211	24	171	17	153	112	67	81	228	225	33	9	154	8	224	96	4	16	168	66	14	152	97	73	151	142	55	103	170	210	0.16995	4.0241	2.1517	0.16995	6.1758	0.60922	101
1472	2158	2421	2074	1412	2073	1190	1738	1992	1345	2155	1242	1241	1995	1187	1294	1398	1471	1243	1140	1993	2332	1828	1088	2157	2233	1910	1186	1043	1397	1731	1350	2072	2242	1990	1673	1355	1290	1135	1091	1238	2156	1239	1289	1535	1188	1463	1406	1139	1189	0.41588	0.83857	8.3206	0.41588	9.1591	0.62241	64
3529	2084	2336	2243	2705	3233	2334	3140	1914	2076	1835	2167	2345	1996	1754	2429	2165	2424	2698	2168	3530	3035	3039	2333	2075	2788	4027	2166	2083	1918	2786	3528	1753	2865	2163	2525	2712	3626	2252	3961	2003	3238	3136	2002	2423	2254	3527	2866	2704	3807	0.41426	2.0123	8.9795	0.41426	10.992	0.85928	59
3679	3479	3928	3848	3191	3678	3481	3382	3846	3182	3853	2385	3686	2563	2475	3761	3850	3930	2479	2819	3676	3590	3482	3925	3765	3587	3485	3486	2657	3584	3762	3855	2654	2384	3849	2561	3852	3179	3580	3687	3276	3929	3483	3926	2480	3927	3847	3277	2562	3764	1.8693	0.99342	3.3176	1.8693	4.3111	2.2999	83
3916	3745	3920	3665	4195	3912	3668	4048	3918	4153	4154	3835	3913	3468	3986	4104	3659	4152	4107	3842	3987	3836	3664	3840	3988	3565	4155	3834	3844	4196	4103	3914	3570	3911	4105	3989	4106	3666	3910	4156	3915	4049	3833	3919	4051	3832	3917	3749	3750	3837	0.79074	0.2924	1.3836	0.79074	1.676	1.0992	90
3786	3789	4459	4255	4025	3937	4183	4414	3936	4123	4460	4386	3704	3781	4413	3875	4135	4069	4415	4137	4011	4458	4217	4387	4174	3866	4388	3702	4010	4441	4358	4440	4136	4082	3690	3604	3595	4213	4357	3863	3774	4068	4007	3703	3948	3501	3944	4256	3775	4132	1.4345	1.0355	5.9159	1.4345	6.9514	1.7987	71
950	741	1087	859	742	1224	862	659	1039	820	1230	1181	860	1232	705	905	1231	900	595	949	658	626	903	1229	947	1041	599	1233	694	1226	657	779	1225	668	704	660	1180	861	596	780	904	941	600	771	693	730	731	735	700	1179	0.67694	1.2786	5.8562	0.67694	7.1348	1.1475	82
1919	2632	3068	3063	2255	3553	3065	3154	2715	3064	2622	2262	2800	3062	2172	2169	3646	2086	2006	3255	2437	2623	2972	2346	2957	1920	2540	3355	3155	3447	2631	3349	2256	2958	2005	2087	2967	2004	3249	3243	2530	3256	1836	3061	2085	3156	3246	2438	2257	1921	0.32567	5.4763	5.835	0.32567	11.311	0.73153	71
4157	4197	4475	4399	4122	4200	4335	4283	4366	4309	4240	4336	4005	4493	4237	4455	4363	4282	4285	4344	4165	4246	4315	4284	4159	4198	4274	4060	4474	4314	4158	4454	4171	4304	4492	4340	4119	4056	4109	4456	4289	4276	4364	4395	4288	4238	4392	4199	4251	4453	0.73411	1.324	2.7015	0.73411	4.0256	1.2408	100
792	679	639	581	642	523	832	469	647	519	674	646	870	869	546	756	551	681	468	643	614	751	678	877	836	1049	577	915	613	682	580	911	750	550	710	495	548	609	645	958	612	496	961	676	578	680	956	717	1002	579	0.6005	5.4573	3.2013	0.6005	8.6586	2.5161	50
318	366	557	397	463	462	445	383	566	424	488	556	274	421	330	625	303	373	585	340	415	497	615	538	539	582	594	450	540	363	461	616	423	422	565	327	586	444	649	319	487	512	320	439	648	513	470	553	398	511	0.36487	1.8086	3.0353	0.36487	4.8439	0.57675	101
2035	2913	3015	3205	1963	1871	1877	2832	3105	2307	2120	2305	2753	2041	2046	2755	1964	1955	2311	3103	3200	2210	2577	2126	2219	3097	1878	2036	2044	2829	2132	3298	2045	3302	2398	2131	3110	3194	3395	2218	2128	2388	1794	2211	2129	2481	2130	2831	1874	3004	1.5047	0.058314	7.3735	1.5047	7.4318	1.7695	40
4953	4963	4826	4836	4932	4923	4887	4913	4956	4890	4828	4958	4825	4886	4891	4951	4961	4799	4916	4823	4857	4888	4930	4946	4945	4892	4936	4922	4885	4939	4914	4889	4915	4797	4947	4937	4957	4931	4948	4950	4858	4807	4856	4964	4933	4944	4912	4955	4829	4917	0.052368	1.5808	0.39257	0.052368	1.9734	0.22863	101
1020	1496	1563	1068	841	1374	1070	1110	923	798	1022	1209	1567	1432	837	1431	1204	1568	761	762	1160	1069	1436	843	1637	1710	1165	842	1379	1167	1569	1112	1638	1116	1495	1709	1115	878	1021	1429	1166	1153	1708	1104	804	1573	1117	1154	885	1152	1.477	0.72516	5.7836	1.477	6.5088	1.6908	101
3803	2598	2601	3121	3017	2507	3800	3021	3621	2324	2419	3026	3521	3216	2514	3217	3117	2323	2602	3024	3019	3112	2322	2925	2926	2852	2853	3881	3519	2860	3625	3878	3119	2682	2697	2930	2933	3709	2780	2418	3719	2764	3411	3802	3418	3018	2924	2416	2845	3617	0.49532	0.25017	8.2678	0.49532	8.0176	0.62089	98
1627	1783	1250	1369	2294	2113	2019	2118	1486	1557	1702	1201	1421	2116	1779	2199	2119	1426	1312	1697	2284	1249	1362	2204	1490	1487	1255	1494	1704	1622	1361	1785	1555	2114	1306	1625	1203	1561	1623	1491	1304	1628	2377	1558	2380	2034	1363	1696	1703	2115	1.2269	1.3374	5.1276	1.2269	6.465	1.8945	33
