1768	2638	2012	1848	2277	2279	2007	2273	2270	2093	1544	2095	1755	1683	1852	1850	2547	2269	2551	2102	2637	2451	2367	2092	2101	1546	1687	1933	2014	1684	2639	2635	2016	1935	1612	2455	2268	1615	2448	2550	2363	1840	2542	2099	2545	2636	2544	2366	2186	1686	2187	1763	2179	2188	2546	1767	1925	2803	2015	1545	1851	2355	2543	2091	1676	2364	1477	2453	1766	2452	1937	2454	2182	1849	2096	0.86394	0.31249	3.5026	0.86394	3.8151	1.1108	38
1729	1724	2408	1979	1730	1805	1587	1658	2056	1969	1589	1890	1803	2411	2320	1657	1977	1588	1725	1975	1806	1656	1891	1583	1520	1884	1970	2499	1892	1807	1808	2050	1804	1886	1515	1652	1728	2314	2061	1582	1887	1888	1723	2055	2409	1586	2500	1972	2591	1971	1811	1651	1974	1722	1519	1655	1456	1883	2321	1980	1726	1585	1968	1521	1455	2057	1889	1453	1518	2052	2410	2058	2053	2498	1516	0.51656	0.15499	9.0657	0.51656	9.2207	0.78097	64
4876	4838	4871	4685	4733	4837	4847	4613	4792	4845	4713	4591	4715	4757	4870	4684	4618	4739	4680	4639	4732	4714	4690	4679	4742	4589	4788	4712	4766	4729	4900	4665	4664	4741	4816	4768	4769	4765	4740	4643	4787	4641	4756	4789	4592	4614	4869	4633	4659	4791	4867	4813	4842	4656	4820	4767	4770	4687	4703	4795	4590	4873	4793	4735	4875	4796	4738	4839	4666	4588	4761	4809	4688	4681	4564	0.044743	1.0037	0.49434	0.044743	1.498	0.18073	32
3890	3652	3657	3829	3983	3741	3821	3812	3966	3651	3654	3728	4194	3891	3554	3978	3460	3742	3559	3969	3260	4236	3653	4086	4185	3556	3360	3908	3656	3813	3557	3560	4101	3740	3896	3965	4227	3735	3824	4090	3650	3984	4234	3647	3822	3648	3358	4046	4138	3456	4029	4268	3907	4028	3359	3828	4226	4228	3892	4045	3825	4184	3356	3729	3967	3555	4037	3257	4102	4047	4235	3163	4271	4267	4193	0.38212	3.5973	8.9842	0.38212	12.582	0.92973	53
81	35	9	207	59	71	191	80	36	10	103	6	53	49	14	208	17	102	32	231	100	46	251	206	28	153	44	113	24	4	86	225	48	171	7	16	142	87	1	41	205	29	13	249	120	180	129	2	94	34	47	145	56	111	119	11	93	23	42	95	128	252	15	33	187	152	73	5	137	226	69	31	170	3	91	0.1108	3.7192	2.604	0.1108	6.3233	0.27924	65
2158	2069	2150	1355	1472	1406	1750	2237	1535	1602	1464	1140	1674	1671	2326	1995	1991	1412	1185	2238	1911	1465	2234	2332	1091	1748	1139	1749	2074	1471	1043	1470	2330	1536	1746	1088	1821	1739	1982	1189	2149	2329	1825	1405	2148	2155	2328	1741	1604	1673	1601	1672	1740	1827	1823	1828	1994	1736	2235	1042	1090	1747	2421	1137	1906	1243	1299	2157	1190	1603	1815	2152	2063	1737	1089	0.29614	0.6843	8.4105	0.29614	9.0948	0.493	84
2785	2243	1998	3229	2075	2248	2080	3047	3423	2084	1912	3961	2345	3238	3327	2253	2520	1918	2521	2333	3723	2081	2252	2246	2711	2003	2865	2424	3434	2076	2861	1833	2168	2166	2000	2083	2079	2340	2167	2703	3435	2163	2165	2786	3529	1917	2428	2159	2254	3048	2712	2337	2164	3234	2082	3137	2427	2244	3526	4027	2335	2245	2435	1916	2002	2956	3436	2339	1835	2001	3237	2334	2621	2704	1754	0.30981	0.92413	9.8773	0.30981	10.801	0.88744	75
3676	2475	2737	2743	2473	2998	2738	2562	3282	2384	3762	2480	2561	3685	3761	3580	2563	2664	3848	2478	2897	2657	3772	3479	3278	2569	3480	3094	3001	3857	2571	3856	2736	3279	2817	3382	3677	3927	3185	3847	3846	3490	2386	2739	2476	3770	3934	3679	2746	3182	2659	3581	2570	3492	2818	3763	3481	3925	3678	3926	3855	3586	2654	2653	3769	3591	2474	3764	3849	2477	2568	2565	3850	2472	2566	0.90331	0.081467	4.2934	0.90331	4.3749	1.1204	75
3573	3665	3912	3909	3831	3913	3264	3667	4195	3268	3986	4106	3910	3743	3750	3916	4048	3568	3830	3911	3744	4152	3569	3757	3748	3564	3752	3987	3758	3839	3470	3658	4156	4103	4051	3832	4108	3753	3914	3990	4107	3467	3915	4055	3993	3745	3755	3751	3754	4153	3833	3463	3835	3840	3836	4054	4049	3747	3664	3995	3663	3666	3841	4053	3746	3571	3661	4050	3166	3173	3924	3992	3749	3660	3659	0.61556	0.35735	1.5105	0.61556	1.8678	0.90315	93
3789	3863	3700	4439	3704	4213	4265	4082	4417	4172	4441	4440	3607	4127	4416	4021	3594	3503	3945	4131	4012	4326	4327	3498	4415	4130	4414	4177	4014	4386	3862	3690	4353	4214	4266	3947	4461	3935	3867	4128	3703	4076	3595	4077	3870	3787	4011	4225	4459	4223	4255	3946	4325	4075	4389	3702	3695	3948	4015	3785	3505	4384	3941	3944	3778	4413	4458	4135	4438	3598	4409	3497	3868	4388	4460	0.73208	1.4589	5.3648	0.73208	6.8237	1.1106	65
668	1227	1226	1225	1181	1179	862	632	1040	894	767	1233	986	995	778	657	1041	779	631	629	705	667	1230	665	903	567	946	701	950	692	1024	694	820	943	1229	780	905	1231	768	742	600	704	815	861	897	626	904	1039	1033	1174	1175	599	1178	664	699	819	735	949	992	658	948	569	996	859	1176	854	860	855	1126	598	1072	932	697	814	902	0.69096	0.5837	6.5929	0.69096	7.1766	0.96175	66
2717	3255	3727	2968	2004	2718	2439	2444	3059	3146	2797	2169	3248	3251	3355	3157	2958	2794	2262	2622	2353	3243	2437	3726	3553	2006	2880	2438	3156	3062	2969	2959	2351	2261	2876	2530	3250	2973	2972	2623	2722	3153	3160	2538	2965	2539	2960	3155	2882	2531	3444	2346	2634	3450	2347	2875	1919	3150	2881	3545	3345	2630	2256	3159	3060	3549	2624	3253	2257	2716	3154	3152	2878	3063	2172	0.068676	1.667	9.7292	0.068676	11.396	0.24921	94
4339	4058	4370	4288	4275	4285	4493	4475	4345	4373	4422	4369	4340	4456	4250	4307	4445	4316	4110	4534	4312	4332	4207	4368	4336	4284	4308	4423	4317	4247	4282	4444	4367	4492	4119	4249	4314	4287	4165	4397	4304	4421	4248	4315	4337	3997	4509	4286	4396	4366	4318	4395	4474	4343	4420	4067	4344	4313	4272	4157	4483	4454	4424	4254	4342	4158	4338	3996	4057	4486	4394	4442	4455	4374	4363	0.50558	0.8103	3.3408	0.50558	4.1511	0.88556	101
680	551	961	647	718	790	469	710	496	717	965	646	575	1097	1007	753	613	636	684	581	614	645	673	721	578	826	642	1005	1003	747	752	644	640	523	869	758	495	681	605	683	1054	912	711	675	794	828	580	874	682	604	607	867	911	522	638	957	546	550	576	827	722	715	606	797	520	549	1053	720	749	608	1004	548	643	920	516	0.51914	3.428	5.4321	0.51914	8.8601	1.3331	55
396	536	412	419	445	291	526	615	437	584	439	616	474	554	524	527	582	625	444	650	648	583	553	390	305	510	688	420	565	470	438	528	552	487	500	424	400	343	414	563	594	649	381	531	535	525	656	403	509	499	427	685	618	380	555	652	394	309	562	502	367	537	585	395	397	686	566	593	421	447	617	319	498	564	556	0.26677	1.0599	3.9637	0.26677	5.0237	0.34802	45
2829	3302	2302	2040	2044	3097	3110	1874	3099	2580	2219	2392	2038	2828	3200	3195	3205	2754	2484	3301	1873	2124	2749	1872	2390	1870	2126	3300	2299	2751	3292	2483	2481	3002	2121	3011	2910	2310	2130	1955	2046	2036	2576	1875	2915	2037	2398	2486	2388	2300	3098	2395	2670	2297	2298	2122	2123	2389	2035	2485	2909	3392	2039	2205	2393	2831	2911	2211	2120	2041	2301	3194	3104	3204	2296	0.44428	0.17079	7.1863	0.44428	7.3571	0.7726	98
4851	4939	4958	4860	4889	4835	4782	4886	4931	4954	4855	4950	4866	4824	4918	4917	4888	4702	4859	4944	4946	4913	4728	4808	4856	4957	4932	4934	4933	4836	4916	4726	4896	4825	4823	4701	4887	4938	4962	4945	4922	4930	4857	4947	4890	4960	4915	4953	4956	4929	4943	4858	4951	4827	4912	4955	4797	4937	4805	4952	4948	4963	4961	4914	4826	4799	4807	4959	4862	4885	4828	4921	4920	4964	4891	0.039241	1.7108	0.48526	0.039241	2.1961	0.18251	79
1429	1317	1713	804	1315	1057	1566	1021	798	840	1069	1370	1563	1495	1791	976	1496	763	1436	1264	887	1374	884	1314	762	1501	1104	1068	1011	1260	1258	1105	878	1263	1058	1070	1430	1371	1568	883	1640	1383	1564	921	837	800	1637	1257	844	977	1018	1497	1318	1262	1165	1316	972	1065	1565	1790	1498	1373	1163	1639	1261	1433	1431	1432	839	1712	801	1212	1211	1117	966	0.78799	0.80504	5.7931	0.78799	6.5982	1.1604	101
3212	2767	2934	3304	2846	3017	2689	3621	3021	3112	3801	2682	3794	3712	2412	2690	2845	3118	3018	3310	2848	2418	2593	2687	3117	3016	2924	3207	3790	2512	2324	2419	3122	2603	2511	3520	3717	2685	3023	2927	2844	3710	3116	2765	2507	2930	2926	2413	3026	2417	3798	2925	2683	3123	3022	2929	3321	3617	2510	3019	3803	2932	2592	2847	3211	3410	3111	3311	2505	2764	2769	2850	3706	2325	3718	0.23851	0.17847	7.536	0.23851	7.7144	0.56934	101
1304	1694	1369	2030	1428	1786	2468	1362	1148	1492	1421	1628	1310	1859	1548	1420	1629	1306	2106	1307	1783	1247	1360	1867	1368	1359	1305	1425	1555	1554	1203	1938	1486	2383	1558	1312	1556	2114	1422	1303	1855	1256	2019	1782	1494	1490	1361	1201	1704	1562	2191	1418	1254	1417	1255	2034	1363	1493	1311	1624	2201	1199	1561	1485	1547	1632	1367	1491	1778	1426	1623	1427	1364	1785	1366	0.40212	0.94694	5.5723	0.40212	6.5192	0.66224	65
