3985	3901	3657	4047	4236	4194	3656	3742	4271	3560	4151	3736	3561	3899	3902	3900	3984	3820	3737	4235	2.1817	3.6089	9.0285	2.1817	12.637	12.938	86
4542	4445	4443	4492	4442	4500	4420	4422	4444	4423	4398	4465	4526	4425	4466	4490	4491	4632	4630	4421	1.3345	2.1363	4.3494	1.3345	6.4857	2.344	55
226	167	191	190	150	137	227	163	73	186	211	243	166	205	231	182	129	274	164	172	0.4064	0.16323	2.7229	0.4064	2.8862	0.43763	75
3858	3939	4119	4065	4120	3938	4069	3856	3937	4066	3779	3496	4003	4067	3690	3695	4172	3694	4004	3774	1.4959	0.61596	4.0297	1.4959	4.6456	1.593	84
2522	2239	2327	2865	2336	2780	2521	2866	2424	2332	2427	1989	2152	2698	2328	2787	2245	2786	2241	2864	1.3726	0.24589	8.4108	1.3726	8.6567	1.4225	65
641	674	608	640	642	609	872	638	787	676	639	678	747	746	607	610	677	714	715	916	0.81104	7.1672	3.1583	0.81104	10.325	2.8434	101
1887	1888	1228	1650	1803	1519	1723	1450	1579	1522	1972	1805	1889	1456	1973	1229	1974	1804	1724	1581	1.7401	0.5946	8.7991	1.7401	9.3937	1.9936	101
1573	1795	1640	1886	1965	1714	2307	2223	2046	2137	1641	1715	2308	1572	1794	1878	2053	1642	2222	1712	1.8974	0.83338	8.3159	1.8974	9.1493	2.4339	64
4795	4709	4768	4791	4769	4740	4770	4822	4878	4796	4667	4742	4821	4708	4714	4715	4879	4849	4850	4741	1.6276	0.037407	1.1378	1.6276	1.1004	1.6897	68
4510	4666	4644	4493	4499	4643	4662	4551	4663	4620	4686	4568	4685	4661	4511	4572	4571	4642	4569	4595	1.0545	0.4755	1.9263	1.0545	2.4018	1.0979	47
1437	975	1022	930	929	932	928	1503	1376	1065	1377	974	1117	885	1223	1378	931	1505	1439	1504	1.708	0.90709	7.1589	1.708	8.066	2.2275	101
4774	4744	4746	4772	4695	4751	4748	4720	4771	4722	4697	4776	4721	4719	4696	4747	4673	4649	4743	4699	0.44875	1.0637	2.1213	0.44875	3.185	0.8009	100
4440	4218	4264	4386	4327	4356	4259	4414	4178	4462	4457	4459	4352	4299	4411	4481	4461	4326	4480	4353	1.8523	2.1147	6.3505	1.8523	8.4652	2.6489	85
2456	1837	2450	2181	2453	1838	2270	2545	2179	2180	2363	2637	2269	2094	1922	2178	2639	2093	2457	2546	2.5846	0.01973	2.9647	2.5846	2.945	2.649	57
3143	3245	3346	3348	3238	3349	3447	3548	3450	3449	3448	3246	3545	3345	3446	3347	3051	3444	3248	3247	2.0514	5.0073	9.8697	2.0514	14.877	6.9057	98
860	1176	859	703	902	946	819	780	820	816	815	779	742	700	1128	1129	1177	861	741	818	1.2127	1.5679	6.4102	1.2127	7.978	1.5269	57
1557	1555	1778	1556	2192	1695	1554	2286	1487	1486	1553	1622	1488	1780	1625	2377	1862	1777	1699	1779	1.5682	1.374	5.0991	1.5682	6.4731	2.8745	62
4302	4200	4272	4395	4281	4199	4238	4276	4367	4201	4335	4159	4198	4246	4242	4241	4273	4337	4240	4158	0.61042	0.45143	1.7169	0.61042	2.1683	0.67754	62
3218	2932	2934	3955	3214	3956	3315	3114	3116	3514	3026	3306	3791	3411	2933	3313	3877	3119	3713	3517	1.9628	0.19337	7.5736	1.9628	7.7669	2.2317	74
4861	4658	4805	4786	4733	4919	4778	4896	4831	4895	4938	4839	4939	4893	4897	4777	4830	4803	4752	4707	1.2128	0.054469	1.5473	1.2128	1.4928	1.4619	74
2739	2745	2821	2114	1948	2471	2570	2743	1864	2740	2820	2823	2825	2029	2030	2481	2656	2292	2382	1949	2.2586	0.20786	6.3605	2.2586	6.5684	2.4631	86
8	72	41	33	35	34	6	36	49	22	17	48	10	3	4	71	14	9	45	16	0.61566	4.809	0.98139	0.61566	5.7904	1.3676	72
3803	2860	3123	3421	3125	2946	3124	2857	2863	2858	2862	3030	3420	2778	3028	3219	3626	3032	3027	3529	1.6417	0.40174	7.5281	1.6417	7.9298	1.7781	95
4250	4474	4249	4455	4314	4453	4255	4316	4168	4475	4456	4169	4288	4287	4209	4341	4315	4286	4210	4251	1.2984	1.9347	4.1443	1.2984	6.079	1.8817	74
2879	3253	2974	3155	3156	3259	2798	3251	3067	3461	3157	3252	2541	3456	3154	3360	2719	3457	3061	3063	0.89082	0.92012	8.3914	0.89082	9.3115	1.104	83
3378	3087	3932	3763	3850	3852	3849	3584	3686	4002	3183	3929	3483	3589	3088	3928	3281	3851	3931	3930	1.3159	0.66861	3.4939	1.3159	4.1625	1.5404	101
3199	3004	2911	2391	3293	3005	2670	2912	2916	3294	3194	3295	2917	3296	3196	3193	3101	2392	2915	3009	1.9885	0.86722	6.061	1.9885	6.9283	2.1574	60
1370	1102	1310	1101	917	1429	1373	1106	1151	1150	918	1309	1431	1201	1365	1492	1053	1430	1374	1372	1.2367	0.37164	5.029	1.2367	5.4007	1.5052	95
2805	2886	2884	2274	2273	2981	2277	2885	2980	2641	2803	2890	2183	2367	2186	2887	2979	2275	2804	2889	1.9095	0.86421	3.0593	1.9095	3.9235	2.7186	89
593	537	658	625	626	594	538	512	689	563	632	766	691	727	564	535	764	514	536	565	0.82094	0.935	3.4681	0.82094	4.4031	1.0123	63
3274	3271	2992	3371	3270	3173	3182	3480	2562	3372	3272	3076	3077	2563	3174	3181	3377	2561	3374	3175	1.1884	0.77026	3.0137	1.1884	3.784	1.4367	53
578	579	501	400	424	580	401	423	474	475	498	527	425	502	476	577	376	326	375	350	0.55303	6.5424	2.779	0.55303	9.3214	2.447	101
1744	1902	1601	1349	1824	1241	1464	1673	1465	1669	1405	1294	1347	1463	1905	1404	1822	1348	1293	1533	1.4003	0.44866	8.9993	1.4003	9.448	1.668	87
336	361	487	412	287	503	461	390	488	477	463	359	485	295	415	358	414	387	312	337	0.51576	0.24119	2.7106	0.51576	2.9518	0.523	101
754	555	614	581	611	528	725	556	613	554	644	726	557	716	612	645	553	682	643	529	0.74993	1.0343	3.3637	0.74993	4.3981	1.0392	101
3397	3599	3399	3699	3499	4085	3500	4021	3866	4020	3954	3398	3702	3396	3876	3696	3948	3790	3698	3601	2.0368	0.24326	6.4371	2.0368	6.6803	2.2299	101
2056	2770	2226	2508	2600	2141	2055	2853	2775	2228	2693	2773	2774	2692	2227	2140	2506	2601	2852	2509	1.6683	0.73147	8.322	1.6683	9.0535	1.955	74
1364	1423	1149	1362	1361	1304	1363	1099	1420	1250	1307	1306	1305	1200	1308	1421	1252	1148	1253	1422	1.1113	7.6159	4.0436	1.1113	11.66	5.0763	79
4947	4802	4918	4829	4924	4825	4824	4860	4823	4892	4801	4936	4859	4854	4797	4800	4828	4798	4827	4799	0.75879	0.12162	1.5627	0.75879	1.6844	1.0987	100
265	221	144	238	125	286	327	202	328	355	280	142	162	181	332	261	201	283	285	198	0.57412	7.1235	2.6326	0.57412	9.756	2.6321	70
1637	1497	1433	2211	1434	1571	1496	1375	1498	1569	1638	1495	1494	1562	1432	1500	1783	2119	2299	2209	1.6507	0.99863	6.396	1.6507	7.3946	2.1486	60
2434	2436	2529	2435	2528	1908	1996	2710	2344	2338	1748	1993	1747	1826	2712	2247	2161	2709	2246	2162	1.6751	0.30732	8.7082	1.6751	9.0156	1.9298	93
3368	3473	3837	3910	3366	3752	3469	3835	3664	3836	3914	3370	3665	3568	3668	3750	3751	3365	3662	3569	0.64599	0.015361	1.4255	0.64599	1.4409	0.66674	61
3915	4106	3838	4197	4103	4196	4053	4237	3992	4153	4107	4156	4155	4195	3993	3986	4154	4157	4152	4105	0.47811	0.32554	1.4309	0.47811	1.7564	0.57472	75
903	1237	1240	1459	1185	1140	1230	1401	1087	1189	1236	1091	996	904	862	1040	1042	1457	905	950	0.8876	1.1425	6.7972	0.8876	7.9397	1.1972	58
1933	1767	2010	1841	1766	1843	1848	1687	1849	1685	1686	2009	2095	1934	1765	2096	1546	2182	2015	1545	2.5226	0.31874	4.2561	2.5226	4.5748	2.9158	85
1921	2713	1920	2346	2536	2795	2087	2538	2006	2631	2622	2005	2625	2718	2437	2630	2623	2540	2530	2531	1.3048	3.5274	7.1722	1.3048	10.7	1.7472	57
2918	2498	3107	2407	3204	2763	2764	2406	2928	3111	3106	2767	3113	2589	3010	2762	3019	3018	3105	3112	2.0384	0.34571	7.0419	2.0384	7.3876	2.1559	77
3429	2871	3960	2867	3961	3330	2869	3040	2948	2868	3531	3328	3530	2788	4027	3231	4026	3137	3042	3427	2.2991	4.1446	9.9674	2.2991	14.112	3.2088	101
4226	4028	3653	3555	3652	3558	3649	3735	3898	3556	3557	3819	3651	4227	3964	3554	3891	3552	4138	3965	1.8131	3.6231	10.887	1.8131	14.51	3.5142	69
