2635	1546	2273	2724	2452	1852	1675	2456	2365	2359	2726	2007	2636	2548	2014	2643	1925	2362	1922	2727	2453	1611	1682	2181	2366	1543	2182	2271	2173	1837	1932	2542	1612	2550	2804	2188	1934	1933	2447	2450	2642	1687	1686	2088	2276	2358	2546	1848	2363	1683	2269	2640	2099	2547	1542	2645	2725	2178	1615	1849	2272	1768	2179	2803	2638	1610	2270	1614	1924	2176	2646	1545	2357	1766	1765	1.5013	0.603	3.2322	1.5013	3.8352	1.8034	82
1658	1811	1583	2058	1804	2146	1726	2411	1809	1965	1519	2408	1340	1396	2142	2404	1521	1582	2314	2231	2225	2407	1456	1644	2500	1806	1887	1975	1579	2498	2319	1890	2056	1893	1805	2499	2061	1656	1725	1653	1880	1715	1721	1724	2321	1888	2410	1974	1730	1652	1651	1649	1450	1879	1507	2591	2320	1886	1520	2229	1581	1795	1803	2312	2230	1810	1807	1589	1284	2228	1285	1578	1723	2143	1643	1.0679	0.29238	9.7354	1.0679	10.028	1.1733	39
4738	4613	4756	4840	4658	4679	4900	4689	4494	4640	4688	4839	4812	4667	4787	4846	4838	4710	4641	4868	4811	4665	4815	4617	4876	4821	4768	4764	4714	4877	4564	4757	4715	4899	4690	4618	4765	4481	4644	4871	4813	4867	4875	4810	4898	4870	4739	4664	4850	4616	4848	4785	4734	4729	4869	4713	4809	4615	4783	4666	4814	4904	4817	4642	4643	4614	4571	4786	4620	4837	4590	4703	4638	4686	4842	0.16753	0.9991	0.74922	0.16753	1.7483	0.29598	50
4236	3728	3257	3735	3966	3742	4184	3561	3653	3654	3982	3819	4037	3655	3812	3890	3259	3737	3163	3733	3652	3651	3260	4194	4047	3656	4092	4087	4151	4185	4138	3458	3647	3738	3813	3822	3898	3162	3973	3360	3817	3965	3650	3648	3972	4226	3557	3456	3657	3734	4227	4228	3554	3732	4099	4230	3897	4229	3556	3560	3729	3559	3736	3460	3891	3258	3558	3824	4086	3555	3357	4028	4271	4142	3896	1.1982	2.1239	12.299	1.1982	14.423	5.9048	50
190	216	226	170	17	49	187	10	162	150	211	82	152	93	47	117	109	11	8	137	111	24	189	35	44	179	171	30	36	154	135	112	57	34	103	67	225	101	81	41	48	191	146	210	116	172	60	221	86	126	153	219	128	129	46	110	70	186	98	130	13	145	14	198	209	71	99	33	73	163	4	100	231	114	161	0.17344	4.1285	2.1566	0.17344	6.2851	0.71804	70
1522	1995	1911	2327	1351	1139	1239	1457	1088	2152	1089	1673	1471	1243	1349	2326	1404	1994	2330	1352	1909	2158	1091	1140	1353	1190	2242	1294	1405	2233	1895	2331	2154	1993	2153	2064	2332	2235	1830	1293	1138	1296	1189	1813	1043	1299	1135	1290	1242	1534	2157	1412	1090	1188	2155	2074	1992	1240	2329	1532	1187	2073	2241	1826	1042	1672	1910	2237	1136	2420	1137	1747	2072	1828	1238	0.58029	0.75783	8.682	0.58029	9.4398	0.77227	97
3237	3529	2245	3531	2522	2786	2159	3530	3961	4027	2705	2084	3536	3882	1835	3238	2436	2003	2712	1918	2949	2000	2867	2246	3959	3528	2002	2709	2698	2345	2083	3626	2785	2243	2080	2956	1917	2787	2338	2864	3427	3534	2001	1754	1831	2254	2529	2518	2943	2075	2428	2252	3804	3535	3428	2942	2423	3042	2244	2168	3958	2340	2334	3230	4026	3046	2160	2515	3883	3429	3720	2865	3527	2336	2333	0.76357	0.019817	10.907	0.76357	10.927	0.84313	55
2476	3857	3288	3483	3676	2562	3179	3851	3852	3769	2734	3479	3853	2815	3180	3383	2653	3389	3380	3587	3687	3856	3583	3761	3376	2819	2477	3850	3770	3185	3086	3679	3591	3766	3846	2652	3847	3930	3278	3085	3929	3927	3764	3582	3282	2993	3688	3580	3932	3182	3848	3765	3480	3762	3482	2560	3855	3849	2736	2992	2651	3933	3680	3773	3277	3928	3590	3377	3925	3854	3379	3276	3677	3390	3678	1.1609	0.81093	3.8266	1.1609	4.6376	1.4452	54
3836	3755	4051	4152	3986	3365	3747	3920	3671	3570	4108	4055	3658	4048	3912	3366	3992	3918	4054	3472	3913	3264	4103	3266	4107	4104	3994	4049	3993	3835	3261	4156	4153	3989	4154	3572	4105	3367	3839	3469	3987	4106	4050	3369	3845	4053	4196	3370	3990	3991	4052	3995	3753	3838	3914	3468	3988	3834	3364	3923	4195	4155	3909	3922	3750	3911	3568	3751	3840	3833	3842	3270	3569	3837	3910	0.43874	0.35811	1.4538	0.43874	1.8119	0.61073	50
4414	4219	4218	4440	4265	3858	4462	4259	4441	3944	3776	3875	4123	3939	4025	3862	4174	4068	4387	4069	3953	4352	3696	4458	3784	4136	4255	3777	4022	4213	4439	4438	4082	4330	4076	4436	4411	4417	3704	3954	4385	4290	4324	4415	3597	4459	4172	3702	4019	4416	3871	3400	4013	4386	4355	4356	4258	3506	3940	4353	4125	4413	3599	3778	4126	4010	4354	4383	4070	4007	3936	3598	4460	3870	4020	1.2947	0.99588	6.228	1.2947	7.2239	1.6786	92
861	978	778	742	657	862	737	898	904	626	599	1041	628	1040	1224	1087	820	905	597	598	1031	949	991	1233	705	1125	1230	1032	819	696	1225	693	1037	780	729	996	569	668	1226	993	739	995	950	818	667	659	903	1179	902	779	941	730	1231	860	945	1180	694	948	815	692	631	1134	994	947	666	660	859	740	1172	658	812	946	665	767	704	0.62286	0.95347	6.3777	0.62286	7.3312	0.86424	101
2169	3636	2876	2541	3255	2631	2967	2538	3160	3250	2006	2622	3242	2879	3449	3152	2624	2005	3060	3889	3251	3243	3055	3063	3159	3553	3256	2004	3059	3249	2968	2172	3153	2438	3455	2255	2437	3547	3646	3355	3061	3454	3064	3354	1921	2961	2262	3811	2256	2087	3158	3154	3634	2878	2720	3727	3254	2530	2347	1920	3810	3353	3347	3552	1836	2632	2722	2346	2257	3252	2439	2540	2623	3253	2539	0.33895	2.7862	8.709	0.33895	11.495	0.51891	32
4122	4500	4109	4164	4157	4332	4302	4207	4365	4239	4167	4063	4509	4110	4056	4363	4115	4211	4444	4342	4463	4315	4501	4364	4492	4456	4205	4319	4418	4397	4252	4493	4060	4278	4197	4307	4482	4279	4272	4343	4304	4204	4338	4273	4249	4393	4333	4475	4534	4119	4336	4274	4474	4061	4303	4240	4059	3997	4334	4199	4243	4163	4247	4159	4242	4121	4120	4198	4112	4200	4276	4419	4171	4399	4289	0.57588	1.2721	2.9578	0.57588	4.2299	0.86572	34
827	959	747	719	788	581	548	963	785	914	606	609	1054	469	549	682	958	673	637	443	574	676	957	614	647	674	1052	523	642	714	646	551	1101	496	521	965	645	1099	748	675	751	829	826	791	605	790	752	608	836	870	912	495	576	915	468	1051	869	877	787	786	918	964	575	613	684	681	833	792	641	794	577	746	522	638	867	0.48963	5.8958	3.4185	0.48963	9.3143	1.7636	53
656	427	444	524	514	582	362	389	526	497	649	397	625	343	528	420	438	269	294	540	267	436	399	593	402	259	295	336	329	563	452	564	615	552	320	374	503	359	413	419	421	358	390	398	534	373	404	594	337	617	388	264	501	566	428	513	537	461	470	565	655	510	274	405	624	592	378	623	445	525	260	539	471	691	485	0.30179	2.0962	2.7793	0.30179	4.8755	0.46614	43
1873	3109	2679	2398	2215	3394	3202	2043	2910	2045	3110	3097	2841	1870	3300	3302	3293	2920	3196	2843	2590	2831	1872	2835	2308	3099	1794	1955	3294	2751	2588	3195	3205	2305	2213	2303	2672	2589	2300	2307	2129	2578	3203	2128	3301	3007	3204	1878	1877	2037	3012	2311	3298	1874	3299	3295	3198	2497	1793	3107	1964	1958	3197	3200	2911	3393	3395	2669	2919	2752	3108	3201	2046	2755	1963	1.1871	0.21529	7.6076	1.1871	7.8229	1.3555	59
4719	4923	4728	4944	4673	4702	4866	4808	4676	4716	4863	4799	4832	4912	4755	4655	4752	4743	4697	4836	4885	4857	4930	4860	4829	4744	4695	4886	4745	4920	4772	4834	4929	4865	4691	4678	4668	4957	4835	4931	4771	4864	4951	4727	4949	4751	4895	4750	4964	4823	4894	4782	4958	4854	4861	4674	4746	4833	4747	4653	4630	4897	4896	4696	4914	4888	4748	4692	4718	4717	4856	4721	4701	4922	4825	0.21878	0.70732	1.4177	0.21878	2.125	0.36051	57
1373	1057	761	887	1574	1371	1262	1011	804	1707	1069	878	928	762	1019	1709	1496	803	931	763	1642	1495	921	1261	1208	1431	1429	844	1259	1573	1497	1070	1506	1376	886	843	1378	1432	764	1016	1567	929	1571	1152	1014	1314	930	884	885	1020	977	976	1438	927	1213	1500	1022	1563	1713	1157	1435	1218	1641	1498	1564	1370	802	1430	1021	1439	1104	842	1313	966	801	1.1768	0.65125	6.1679	1.1768	6.8192	1.3988	57
2860	3716	2605	3719	3517	3214	2419	3024	3522	2780	2511	3317	2513	3018	2601	3618	3624	2933	3718	2504	2505	2510	3407	2603	2322	2764	2606	3128	3017	3802	2765	2418	3026	2414	2694	3803	2859	3027	3421	3111	3713	3717	3790	2514	2415	2508	2507	3955	3523	2697	2604	2324	3801	3612	2926	2413	2506	3512	2924	2853	3623	2850	2598	3217	3212	3113	3608	3420	2682	2779	2778	2599	2696	3125	2931	0.93942	0.16718	8.4197	0.93942	8.2525	1.075	68
1628	1697	1945	1369	1250	1494	2292	1939	1201	1783	2379	1853	2282	1255	1493	2200	2375	1308	1312	1305	1698	1198	1367	1428	1202	1865	1199	1252	1307	1560	1203	1561	1368	1951	1150	1364	1425	2380	1360	1854	1701	1699	1253	1254	1556	2293	1492	1421	1365	1197	1311	1249	2468	1304	2381	1310	1366	1427	1562	1200	2383	1149	1779	1490	1860	2115	1557	1426	1151	1147	1256	1196	1780	2119	1363	1.0217	1.6682	5.4676	1.0217	7.1358	1.9367	62
