1850	2365	2804	2008	2547	1755	2548	1849	2267	1765	2727	2179	2177	2638	2803	2269	1934	1837	2724	2090	2178	2640	1768	2188	2270	2454	1687	1933	1848	2099	2366	2093	1612	1841	1684	2361	2543	2544	2641	1847	1686	2273	2637	1546	2546	2362	2453	2726	1764	2642	1.4641	0.24918	3.586	1.4641	3.8352	1.8034	69
1886	2498	1715	1795	2411	1396	1892	1889	1965	1581	2139	1727	1456	2320	2133	1879	1975	1802	1726	1285	1390	1891	1521	2405	1809	2228	1979	2410	1339	1587	1808	2141	1804	1284	2321	1723	1724	2501	2404	1649	1807	1803	2319	2229	1507	1650	2142	1806	1805	2317	1.0479	0.44443	9.5833	1.0479	10.028	1.1733	62
4689	4756	4760	4821	4876	4742	4616	4661	4809	4715	4783	4770	4614	4665	4617	4640	4729	4842	4765	4644	4615	4867	4847	4784	4735	4794	4703	4638	4839	4820	4481	4810	4730	4757	4837	4817	4734	4767	4868	4637	4741	4620	4714	4898	4844	4838	4667	4666	4877	4875	0.17156	1.1737	0.57462	0.17156	1.7483	0.29598	50
4236	4271	3818	3163	3356	3647	3812	3653	3460	3966	3561	4194	4037	3978	3360	4151	4092	3821	4028	3732	4138	3742	3257	3965	3902	3738	3656	3461	4235	3651	3728	3260	4047	3976	4036	3890	3650	3734	3985	3737	3259	3161	4030	3359	3556	3891	3652	3162	4226	4039	0.93384	3.8257	10.597	0.93384	14.423	5.9048	64
152	36	210	10	22	14	54	8	17	129	24	109	137	191	35	133	136	211	49	230	99	147	208	224	199	48	102	9	178	16	148	169	154	23	110	151	115	34	47	33	46	100	172	95	120	4	15	128	32	21	0.15088	4.6529	1.6321	0.15088	6.2851	0.71804	97
1137	2237	1190	2153	1189	2158	1739	2242	2074	1243	1659	1089	2073	1472	1088	1294	1136	2233	1994	1290	1355	1471	2147	2330	1138	1673	1236	1812	1299	1346	1242	1293	1995	1745	1412	2239	1749	1406	1905	1135	2332	1291	1298	1240	1828	1731	1140	2241	1408	1185	0.5901	1.049	8.3909	0.5901	9.4398	0.77227	80
2243	3723	3530	3531	2345	1998	2436	3427	3961	2251	3884	3626	1912	2712	2344	2424	2942	2084	2159	2621	1996	2516	2703	2515	1918	3958	2333	1753	2705	3529	3959	2003	2423	3429	2244	2252	3535	2864	1835	3227	1831	2611	3428	3134	3238	2704	1913	2334	4027	2861	0.78578	0.72611	10.201	0.78578	10.927	0.84313	61
3849	3761	3479	2477	3851	3847	3382	3846	3183	3676	3850	3689	3277	3857	3925	2563	3762	3580	3184	3926	3928	3282	3681	3481	3376	3677	3685	3848	3585	3852	3480	2659	3930	3482	3853	3765	2562	3582	3927	3773	3679	3588	3768	3929	3583	3688	3276	2896	2561	3931	1.1111	1.0991	3.5385	1.1111	4.6376	1.4452	72
4195	3748	3921	3833	4196	3912	4108	4048	3838	4105	3675	3986	3993	4055	3665	4154	3569	3750	3915	3843	3994	3835	4155	4152	4103	3913	3987	4104	3268	4156	3471	3753	3914	3366	3834	4053	3364	3752	4054	3916	3365	3911	4051	4107	3664	4050	4106	4153	3995	4052	0.43303	0.35778	1.4541	0.43303	1.8119	0.61073	34
4412	4352	3938	3703	3774	3690	3699	3943	4356	3497	4436	4324	4414	4415	4068	4125	4178	3600	4438	4123	4071	4354	4172	4460	3858	4217	4326	3500	4258	3505	4290	3953	3597	4084	4069	4433	4213	3859	3594	4255	3607	4459	4441	3940	3865	4462	3696	3499	3875	4320	1.2872	1.9214	5.3025	1.2872	7.2239	1.6786	82
862	692	1233	693	705	780	945	595	820	730	805	990	626	1231	860	861	767	668	598	775	629	729	627	940	905	904	657	815	991	903	1179	819	857	807	948	1225	597	742	741	1229	1230	659	658	993	779	600	950	694	695	628	0.57237	1.2242	6.1069	0.57237	7.3312	0.86424	81
3553	3455	2622	3050	2540	2721	2006	3355	3255	3250	3160	1921	3149	2799	3253	3061	3062	3350	2439	2437	3727	3154	2438	3254	2539	2005	3642	3068	2715	2722	3249	2169	3811	2172	3151	2541	2968	1836	3060	2530	2087	2879	2623	2633	3354	2531	3451	3152	2346	3256	0.32243	3.377	8.1182	0.32243	11.495	0.51891	54
4162	4302	4198	4109	4304	4157	4397	4243	4197	4238	4285	4158	4165	4056	4199	4252	4110	4113	4500	4239	4241	4474	4006	4200	4475	4244	4112	4237	4272	4367	4246	4171	4455	4057	4303	4159	4273	4247	4454	4116	4482	4308	4278	4464	4276	4335	4118	4493	4492	4240	0.51683	1.7526	2.4773	0.51683	4.2299	0.86572	101
1003	613	787	1052	711	915	469	870	607	520	548	747	960	681	577	749	581	1100	551	647	523	609	575	614	608	720	757	826	790	673	578	496	710	610	684	678	550	580	713	750	753	912	913	549	712	785	495	612	443	522	0.45898	6.0737	3.2407	0.45898	9.3143	1.7636	47
386	373	303	260	566	462	312	391	341	398	615	497	296	503	399	586	438	397	415	368	506	461	470	336	304	378	439	562	444	344	594	656	274	413	316	459	625	458	295	361	404	414	381	565	284	420	445	337	488	421	0.28298	1.9862	2.8893	0.28298	4.8755	0.46614	101
2920	3195	3204	2306	1964	3013	2921	3011	3302	2911	2394	2751	3101	2668	3006	2763	1878	2046	2918	2402	3205	3197	3394	3108	2589	3298	2044	2035	1963	1877	3301	3395	3109	1873	3294	2497	2919	2045	1872	2213	2669	2214	3012	1794	1793	3396	2036	2307	3194	3300	1.1617	0.40992	7.413	1.1617	7.8229	1.3555	90
4716	4807	4719	4836	4805	4695	4720	4774	4808	4885	4856	4743	4693	4692	4922	4865	4775	4723	4862	4670	4718	4696	4702	4672	4835	4673	4939	4728	4744	4916	4755	4717	4853	4887	4781	4825	4799	4694	4798	4782	4773	4797	4631	4915	4746	4780	4747	4771	4897	4923	0.204	0.56278	1.5622	0.204	2.125	0.36051	73
887	1104	1379	977	1497	1320	931	798	802	1068	1160	844	764	1439	886	1152	1636	1708	1429	804	837	1382	1257	1642	843	1500	1021	1016	1431	1370	1574	1567	1712	1023	976	840	1506	1313	803	763	930	801	1208	921	1371	1495	1430	1070	1713	1315	1.1512	0.57087	6.2483	1.1512	6.8192	1.3988	72
2601	2682	2860	2419	2924	3022	3794	2322	2693	2323	2412	3876	2764	3128	2413	2941	3956	2514	3033	2509	3617	2937	3016	3421	2513	3513	2780	2511	3116	3118	2325	3024	2512	3017	3018	3127	3518	3716	3215	2600	2606	2859	3512	2844	3719	3420	2414	2592	2502	2697	0.94308	0.50046	8.753	0.94308	8.2525	1.075	56
1485	1203	2379	1494	1776	1696	1487	1252	1700	1623	1428	1562	1197	1778	1312	2114	1253	1369	1361	1196	1304	1779	1307	1146	1488	2468	1311	1200	1486	1363	1249	1199	1256	1422	1421	1151	1699	1250	2197	1493	1198	2292	2119	1310	1147	1305	1367	1427	1306	1420	0.89064	2.3939	4.7419	0.89064	7.1358	1.9367	86
