4226	4151	3457	3902	3258	3360	3461	3972	3728	4267	3822	3973	3821	3890	3163	3649	3260	3812	4138	4100	3891	3657	3742	3813	4091	3734	3647	3656	3655	3556	4235	3967	3162	4045	3554	3966	3561	3259	4229	3729	4041	3899	3985	4236	3823	3652	3456	4028	3965	3359	4228	3901	3971	3737	3458	3974	4194	4086	4271	4035	1.8007	1.4538	11.947	1.8007	13.4	6.0144	50
332	514	593	564	452	274	463	360	296	503	273	357	252	359	251	368	412	459	335	591	627	540	266	231	626	337	230	488	320	247	363	479	486	267	477	336	287	624	504	355	625	288	295	361	557	431	366	285	362	311	344	512	415	385	513	592	286	439	310	530	0.43138	0.19192	2.979	0.43138	3.1709	0.4866	70
2820	3479	3679	3580	3487	3770	3581	3382	3583	2476	3083	3592	3183	3376	3276	3589	2900	3687	3769	3857	3184	3088	2656	3772	3377	3287	2664	3380	3689	2481	3182	3480	3685	3280	3584	3680	3084	3180	2569	3181	3582	2735	3281	3481	2896	3688	3192	3684	2988	3086	2566	3768	3488	3085	3277	2815	3681	3279	3483	3773	1.245	0.86596	4.0638	1.245	4.9297	1.4434	37
2919	3497	3295	3696	3394	2669	3694	3204	3597	3494	3014	3108	2485	3598	3393	3294	3501	2833	3693	2828	3195	3293	2392	3107	3498	3291	2400	3203	3005	3697	2577	3390	3106	3496	2911	3503	3500	3600	3101	2396	2836	3013	3594	3690	2918	3006	3495	2484	3004	3695	3493	3397	2670	3197	3596	3300	3100	3395	2215	3691	1.5381	0.66489	5.9929	1.5381	6.6578	1.6998	69
4619	4715	4708	4877	4845	4735	4569	4868	4572	4568	4869	4738	4866	4596	4903	4741	4710	4848	4761	4822	4711	4740	4796	4620	4644	4551	4549	4685	4594	4765	4791	4533	4548	4593	4662	4595	4571	4850	4550	4667	4742	4870	4566	4764	4567	4815	4661	4592	4878	4841	4570	4898	4737	4770	4769	4821	4766	4767	4792	4795	1.1359	0.051218	1.3392	1.1359	1.288	1.3297	71
4173	4021	4415	4070	4301	3860	4355	4462	3949	3946	4481	4433	4387	4289	3778	4384	4007	4413	4441	4458	3775	4416	4287	4136	3869	4212	4317	4347	4354	4479	4435	4170	4385	3870	4318	4459	4457	4440	4352	3937	4083	4068	4461	4255	4288	4215	4123	4122	4480	3936	3774	4327	4326	3938	3777	3863	4383	4082	4216	4010	1.3387	1.3767	5.7596	1.3387	7.1363	1.7613	69
2247	2528	2240	2786	2435	1671	2339	1993	2790	2867	2245	2162	2241	2621	2527	2242	2787	1535	2077	2613	1603	2704	2710	1824	1536	2345	1472	2074	1471	2619	2709	2003	1749	2705	1917	1604	2332	1905	2425	2076	2167	2083	2620	2165	2344	2155	2333	2434	2154	1910	1748	1989	2788	2529	2618	1742	2612	2789	2335	2334	1.1822	0.093885	8.9	1.1822	8.9938	1.3544	51
264	210	189	229	224	179	47	208	227	178	145	68	169	20	49	228	191	97	207	206	53	166	220	209	221	4	226	217	240	263	239	35	129	93	180	186	54	187	183	9	165	8	168	59	36	150	205	211	46	72	48	246	163	6	225	172	120	190	188	60	0.32891	2.9571	2.7988	0.32891	5.7559	0.86621	86
1080	815	704	905	992	820	1279	777	1041	1229	1231	778	780	1226	949	862	819	1338	668	1334	705	1086	776	950	1128	861	817	947	665	1230	741	996	903	904	857	994	630	860	1284	1282	902	632	667	1175	740	779	1176	742	1029	856	995	1283	818	948	1040	1280	859	901	1335	993	0.89484	1.7263	6.2926	0.89484	8.019	1.2584	76
1474	2447	1924	1766	2268	1933	1765	2449	2181	2263	2176	2642	2553	1923	2177	1837	2367	2270	1849	2369	2362	2275	1848	2272	1931	1685	2456	2462	1755	2644	2361	1850	2453	2546	2635	2179	2640	1684	1614	1686	1767	2548	2276	1545	2637	1934	2178	2277	2545	2549	2273	2639	2088	1922	1615	1838	2463	1546	2368	2641	2.128	0.12025	3.7051	2.128	3.8253	2.2729	78
3909	3569	3750	3270	3668	3573	3665	3174	3988	3567	3749	3168	3987	3574	3468	3986	3919	3835	3366	3842	3748	3663	3989	3469	3911	3365	3841	3467	3466	3367	4049	3912	3913	3570	3757	3917	3833	3370	3269	3670	3368	3754	3473	3470	3916	3918	4048	3571	3568	3664	3834	3840	3751	3666	3671	3667	3836	3669	3752	3755	0.58196	0.44641	1.5106	0.58196	1.957	0.80857	68
1312	1307	751	874	1363	1052	747	1200	872	673	1362	712	1009	1154	1365	714	1253	1104	1102	963	1308	1361	1202	711	1201	1197	1056	1422	1306	1011	1254	713	875	917	961	1305	1250	1010	1251	752	832	1007	745	1255	1054	1149	674	918	871	792	1360	786	1106	1249	916	873	1147	787	1148	829	0.92589	4.9175	4.3832	0.92589	9.3007	2.4378	39
2842	3950	3790	3022	3216	3604	3618	2765	3109	3117	2763	3955	3016	3304	2769	2848	2843	2926	3215	3020	2930	3951	2681	2923	2924	4024	2766	3702	3018	3017	3956	3798	3791	3111	3410	3504	2764	2851	3120	3314	3879	3214	3414	3024	3517	4025	3871	3799	3313	2928	2932	3119	3617	3877	3797	3785	2688	4085	2931	3508	1.6276	0.043279	7.4339	1.6276	7.4772	1.8045	42
889	877	1269	656	726	730	765	655	1326	694	846	692	975	1265	654	1012	764	619	690	657	842	720	806	651	723	929	691	719	727	728	693	1156	695	1208	835	843	1157	804	648	808	1070	683	1107	729	1271	845	725	650	1018	618	798	766	756	755	768	653	617	724	689	886	1.0325	1.1147	4.8417	1.0325	5.9564	1.3704	47
4371	4514	4628	4630	4631	4489	4442	4565	4448	4547	4475	4443	4611	4588	4656	4529	4657	4546	4655	4587	4315	4564	4563	4532	4396	4517	4419	4531	4586	4492	4498	4478	4493	4530	4420	4545	4516	4341	4464	4466	4455	4456	4634	4471	4513	4473	4316	4421	4515	4534	4629	4465	4496	4502	4512	4497	4544	4561	4370	4397	0.99677	1.9714	3.5581	0.99677	5.5294	1.4581	94
1587	1656	1650	2228	2503	2225	2411	1892	1803	1885	1518	2405	1649	2498	1805	2229	2142	1887	2499	1972	1879	1581	1889	2591	2056	1394	2408	1722	1725	2497	1886	1328	2592	1973	1888	1804	1724	2413	1971	1580	1970	1964	2596	1806	1974	1890	2505	2590	1721	2412	1655	2316	1723	1651	2589	2595	1796	2504	1807	2227	1.4706	0.38213	8.9315	1.4706	9.3137	1.7434	101
641	402	398	524	375	476	585	545	400	679	609	607	351	474	554	352	616	451	473	528	552	500	678	529	647	682	675	551	582	450	374	502	449	546	606	584	646	643	350	475	555	426	501	677	328	376	420	403	281	640	715	401	556	424	642	638	526	399	637	327	0.48656	6.3504	3.0436	0.48656	9.3941	1.7965	56
1088	1185	1822	1902	1140	1292	1137	1668	1190	1988	1186	1243	1236	1345	1601	1139	1290	2151	1670	1816	2147	1135	1347	1599	1527	1904	1043	1410	2061	1136	1530	1090	2068	1183	1294	1237	1291	1894	1091	1239	1189	2153	1463	1348	1188	1741	1987	1821	1138	1299	1241	2065	1042	1089	1349	1187	2152	1238	2064	1669	0.82407	0.59966	8.6445	0.82407	9.2442	1.2047	58
2652	1623	1625	2562	2654	2653	1780	2284	2475	1937	2469	2113	2376	2563	2470	1421	2030	1698	1490	2474	1863	1488	2565	2377	1556	2734	2473	1862	1776	2285	1779	2291	1558	1627	2102	1778	1781	1626	2379	1553	2651	2022	2281	1485	2382	1861	1489	2114	1557	1769	2383	2293	1487	1699	1555	1697	1486	2292	2381	2371	1.5434	1	5.4323	1.5434	6.4323	2.4089	80
2966	3727	3553	3726	3153	2622	2628	2006	2623	3356	2722	3161	3155	1836	3154	2799	3646	3455	2346	2087	3353	2085	3355	3552	3062	2881	1921	2721	3255	3352	3454	2719	3254	2797	3354	2720	3149	2874	3253	3251	3645	3445	2538	2438	3450	2262	3060	3066	3248	3446	1920	3811	2437	2005	3453	3257	2172	3063	3448	3157	0.64315	2.3305	8.8638	0.64315	11.194	1.5575	50
1430	1435	1313	1320	2204	1574	2044	1207	1641	1498	1259	1373	1368	1324	2122	1316	1495	2203	2295	1431	2213	1432	1642	1789	1315	2296	2302	1568	1427	1795	1321	1323	1569	1878	1497	2031	2294	2298	1439	1371	1570	1372	1496	1314	1782	1317	2129	1494	2214	1370	1369	1426	2128	2388	1640	1701	1504	1708	1637	1429	1.3498	0.035562	7.3888	1.3498	7.4243	1.5993	53
4278	4050	4276	4156	4272	4152	4167	4240	4365	4107	4201	4199	4332	4339	4281	4104	4333	4195	4153	4200	4305	4103	4154	3994	4052	4302	4242	4363	4197	4109	4244	4273	4061	4105	4283	4304	4053	4338	3760	4155	3993	4157	4279	4303	3922	3920	4250	4237	4241	4334	4418	4285	3992	4395	4286	4108	4196	3995	4335	4106	0.46887	0.32254	1.9398	0.46887	2.2623	0.5912	59
2696	2865	2602	2601	3421	2702	2233	2942	3529	2516	3217	3030	3125	2331	3228	3225	2237	2784	2238	2421	2697	3528	2946	2852	2943	2780	3126	3521	3621	3123	3803	3426	3420	2862	3315	2506	3124	3523	2329	2599	2424	3218	3320	3029	2598	2330	2239	2328	2866	3122	2608	2772	2779	3622	3027	3715	2689	3121	3522	3425	1.1692	0.25053	7.9082	1.1692	8.1588	1.2277	90
3137	3136	3961	3329	3530	3534	3138	3427	4027	3805	2948	3328	3040	2949	2871	3330	3139	2950	2868	3048	2792	3044	3804	4026	2957	2870	3884	2955	3883	2954	3145	3049	2951	2956	3958	3050	2869	3041	3051	2952	3882	3327	3232	3143	3960	3237	3342	3806	2712	3533	3238	3144	3242	3230	3142	2791	3443	3531	3047	3428	2.3274	1.8931	13.076	2.3274	14.969	3.3644	46
4829	4722	4771	4773	4772	4920	4695	4694	4857	4911	4743	4720	4721	4951	4776	4774	4716	4775	4827	4717	4826	4856	4823	4744	4934	4854	4627	4922	4747	4696	4858	4939	4938	4693	4896	4828	4718	4960	4723	4958	4955	4750	4748	4801	4691	4668	4780	4921	4859	4915	4647	4673	4719	4950	4745	4749	4697	4800	4692	4674	0.3836	0.04317	2.0259	0.3836	2.0691	0.52787	58
