2094	2549	2554	2726	2273	1476	2100	1766	1922	2640	2362	2550	2558	1758	2266	2448	2364	2637	2455	2458	1837	1687	1838	2093	2270	2636	1850	2727	2363	2803	1546	2804	2186	2268	2545	2646	2275	1765	2725	2639	2457	2369	2548	2724	2088	2269	1755	2452	2185	2179	1545	2267	2357	2546	1849	2635	2361	2641	1615	2098	2642	1934	2645	2178	2551	2089	2454	2456	2272	2365	2449	2181	2180	1686	2638	1.9827	0.72147	3.2503	1.9827	3.9718	2.2252	59
1807	2501	1796	2228	2500	1808	1887	1802	1580	1973	2224	2406	1804	1656	1888	1972	2321	1879	2498	1728	1284	1649	2411	2052	2314	1726	2227	1971	2320	2313	2410	1965	1729	2058	1650	1581	1519	1809	1582	2499	1795	2141	2230	2407	2312	2140	1806	1890	1892	1585	1513	2142	1279	1880	1977	2318	1886	2405	2055	1805	1715	1389	1974	1643	1714	1338	1452	1514	2591	1456	1803	2054	1282	1448	1285	1.5189	0.43466	9.0373	1.5189	9.472	1.7033	60
4849	4596	4541	4618	4533	4765	4572	4526	4784	4494	4793	4510	4770	4567	4735	4742	4571	4791	4790	4511	4512	4878	4786	4796	4590	4788	4568	4662	4822	4531	4685	4619	4591	4587	4620	4551	4715	4792	4481	4527	4816	4592	4809	4644	4569	4767	4867	4495	4734	4642	4737	4593	4540	4783	4480	4558	4595	4499	4479	4561	4663	4515	4766	4517	4570	4548	4514	4764	4550	4787	4898	4871	4476	4877	4708	1.0006	0.50726	2.585	1.0006	2.0777	1.0981	52
3260	3813	3817	3360	3461	4139	3359	3257	4151	4028	3741	3459	3897	3651	3357	3259	3652	3163	4226	3458	4185	4229	3977	4046	3649	3460	3968	3561	3657	3740	3161	4236	3908	4194	3901	3973	3971	3358	3965	3559	4187	3814	3823	3554	3742	3456	3818	3821	4235	3656	4047	3457	4227	3654	3822	4228	3736	4271	3356	3558	3898	3655	4138	3819	3820	3258	3653	3728	3560	3739	4086	3890	3735	3555	3737	1.7836	2.3193	11.017	1.7836	13.336	5.9225	71
114	17	227	211	181	35	145	36	128	3	207	202	172	59	225	226	87	221	53	49	169	73	66	220	86	41	146	150	186	60	185	115	2	171	240	246	153	135	245	231	99	165	113	118	199	8	21	198	125	164	44	206	133	208	184	111	244	137	187	252	228	166	188	167	168	69	147	218	182	205	201	189	222	170	183	0.34644	3.4828	2.6211	0.34644	6.1039	0.92846	53
1292	1669	1294	1186	1291	1290	1239	1042	1140	1243	1903	1237	1403	2074	2237	1602	1298	1240	2152	2241	1911	1188	1412	2242	1472	1896	1088	2153	2154	1089	2332	2233	1667	1242	1135	2239	1189	1190	1910	1091	1241	2327	1136	1139	1299	2150	2238	1668	2330	1297	1137	2070	2329	1471	1598	1995	1043	2421	1138	1674	2066	1902	1665	2147	1901	1090	1750	1295	1238	2235	1185	1355	1597	1352	1596	0.77218	1.0697	8.1691	0.77218	9.2388	1.0457	77
3531	3048	1831	3134	3530	1754	2159	2515	2075	2245	2873	3328	3626	2164	2160	2345	3238	3807	2423	2529	3961	2864	2161	2948	2528	3885	2429	2522	2243	2079	2790	2711	3882	2435	2424	3037	2431	3039	2613	3529	3044	2076	3883	3528	3326	2425	1996	2077	2084	2003	3629	3431	4027	2946	3323	2165	3527	2252	3526	1912	3129	3427	3334	2862	3136	3721	1835	2698	2163	2246	2863	3330	2082	3535	2868	1.1001	0.46384	10.381	1.1001	10.844	1.2008	60
3182	3682	3381	3929	2476	3851	3494	3927	3850	3278	3184	3765	3082	3767	2997	3589	3687	3676	3276	3689	3853	3680	3378	3763	2814	3681	3846	3761	3377	3277	3847	3932	2664	2735	3854	3857	3764	2987	2988	3279	3925	2992	3928	3677	2896	3580	3379	3688	3926	2562	2991	3768	3771	3181	3848	3683	3192	3088	3931	3762	3479	3678	3852	3183	2570	3930	3280	3489	2654	3581	2819	3179	3480	2473	3849	1.0837	0.80619	3.8426	1.0837	4.6488	1.2702	80
3837	4105	4154	3573	3914	3567	3912	3757	3664	4108	4152	4048	4104	3367	3568	3986	3913	3915	3374	4049	3834	3909	3470	3750	3365	4156	3987	3840	3916	3911	4103	3836	3666	3992	4196	4055	3364	3270	4054	3923	3832	3995	4153	3988	3370	3835	3665	3663	4195	4106	3472	3569	3469	3994	3749	3993	3839	4050	3570	3833	3910	3746	4053	3468	3748	3838	3662	4052	4155	3751	4051	3571	3919	4107	3924	0.45337	0.38225	1.49	0.45337	1.8722	0.65247	69
4414	4387	3786	3594	4085	3595	4462	3875	3496	4384	3497	4177	4354	4025	4439	3779	3600	4077	3501	3789	3690	3954	3502	4213	4437	4215	3938	4137	3694	4174	3937	4068	3783	3774	4356	4074	4386	4084	3945	4355	3859	3858	4441	4024	4440	4290	3936	4359	4007	4136	4265	4073	4390	4125	3398	4008	3860	4013	3870	3861	4133	3596	3693	4076	4415	3775	4299	3944	3495	4070	4255	3599	4080	4172	4016	1.3256	1.3773	5.6972	1.3256	7.0745	1.5945	46
626	1230	905	600	845	666	738	1087	862	1041	904	861	1024	811	1178	1224	950	949	704	702	777	994	1128	598	1228	903	860	820	742	663	628	780	657	819	856	1229	815	705	773	658	741	902	630	703	896	859	694	812	567	947	766	818	1080	1134	779	767	1040	901	1233	1037	1079	805	668	768	993	667	995	729	816	597	1225	1179	1036	740	996	0.82412	1.1528	6.1795	0.82412	7.3323	1.1004	43
2536	3346	3446	2530	3345	3811	3645	3553	3447	2879	1921	3449	1836	3156	2967	3068	3153	3251	2880	3060	3250	2722	3355	2262	2087	3646	2541	3062	3064	2006	2627	3546	3154	3455	2622	2437	2633	2798	2799	1920	3354	2713	3065	3061	3063	3454	3453	3247	3727	3445	2438	3726	2800	3548	2531	3256	2881	2634	2346	3552	2723	2005	2623	2172	3448	3160	3155	3253	2971	3353	3352	3889	3551	3255	3252	0.62695	3.3662	8.4249	0.62695	11.791	1.6655	95
4500	4333	4398	4122	4279	4157	4395	4203	4006	4464	4281	4272	4418	4171	4110	4160	4396	4118	4065	4158	4420	4465	4109	4493	4275	4492	4419	4482	4208	4308	4427	4488	4286	4518	4475	4273	4332	4421	4397	4392	4306	4197	4364	4161	4302	4241	4303	4311	4254	4280	4304	4393	4159	4111	4288	4276	4056	4305	4058	4198	4424	4239	4282	4363	4114	4274	4238	4200	4162	4519	4534	4334	4366	4309	4315	0.67182	1.3549	2.8747	0.67182	4.2296	0.948	36
875	961	638	1053	683	1007	794	751	796	749	746	747	581	795	576	713	676	608	641	675	755	614	647	868	870	643	611	827	549	645	646	677	919	797	610	786	1102	917	787	1008	642	607	964	639	681	788	674	640	750	714	789	828	613	754	748	682	606	580	717	609	575	712	684	711	718	1006	710	1010	753	644	578	678	551	1101	715	0.73184	6.0157	3.4994	0.73184	9.5152	2.1273	101
292	524	593	423	427	399	288	304	274	291	514	362	488	454	625	415	690	566	280	329	594	447	582	552	328	504	512	273	527	479	426	354	360	584	503	309	365	379	486	336	623	656	406	261	497	461	377	260	592	691	470	499	412	565	564	655	404	386	498	402	385	437	401	424	296	463	502	425	400	460	366	438	439	258	477	0.3742	2.0797	2.9812	0.3742	5.061	0.55977	73
2130	2679	3302	1878	2916	2913	2300	2577	1873	2387	1870	2762	2673	3297	3393	2045	3301	2680	2304	2672	1794	2832	3196	3294	2311	2909	1877	3097	3292	3015	3397	3003	3110	1964	1956	3205	3291	3204	2589	3014	3300	3008	1793	2833	2205	2046	3293	3005	3203	2914	3109	2757	2583	3105	2830	3004	2919	3394	1872	1963	3199	2763	3392	2296	3108	2392	3100	2750	3194	3296	3201	3107	2923	2911	3298	1.3917	0.71893	6.864	1.3917	7.5829	1.6423	83
4698	4748	4749	4728	4825	4777	4675	4802	4960	4775	4890	4937	4602	4743	4823	4892	4776	4750	4747	4951	4695	4622	4702	4886	4888	4887	4896	4629	4828	4722	4800	4938	4771	4933	4797	4721	4919	4948	4718	4716	4719	4691	4674	4829	4697	4916	4694	4913	4696	4855	4693	4946	4673	4801	4720	4671	4744	4717	4860	4962	4824	4746	4601	4939	4723	4827	4854	4650	4774	4692	4799	4745	4772	4798	4773	0.38382	0.3621	2.0291	0.38382	2.3912	0.52944	85
1071	1713	1637	1429	1063	1061	977	1432	844	1057	764	1258	1641	1642	1498	838	1313	799	1496	1370	924	1566	1155	1433	804	1204	1318	1439	1257	763	1563	1710	1111	1375	762	1208	930	1376	843	1105	803	931	1020	1374	1791	1153	842	1572	1501	1712	1568	1023	1109	974	1021	802	1070	1011	1435	887	1069	929	976	1574	927	1314	1640	1709	1152	1371	1497	885	1118	1495	1499	1.1804	0.50945	6.2131	1.1804	6.7226	1.4121	56
3803	2592	2682	2926	2764	2844	2514	2606	2513	3717	2512	3412	2692	3524	3790	3115	3311	2412	3321	2765	2776	2773	3623	3793	2605	3719	2683	3019	3705	2504	2924	3421	2502	3520	3713	2925	3525	3801	2860	2597	3016	3876	2941	2419	2851	3222	3419	3608	3219	3624	3706	2940	2775	3312	2780	2601	3031	3791	3955	2779	3111	2697	3417	2598	3877	2696	3127	2509	3420	2511	3622	3214	2599	3022	3116	1.116	0.25169	8.1248	1.116	7.8731	1.2175	31
2033	1630	1488	2204	1494	2294	1308	1363	2293	1696	1561	1487	1701	1304	2201	1780	1938	1203	1305	1555	1562	1631	1556	1952	2376	1779	1860	1307	1421	1492	1365	2203	1256	2383	1704	1201	1251	1199	1486	1698	1254	2119	1420	1198	1312	1369	1368	1202	2034	1151	1364	1250	2377	1493	1558	1423	1862	1253	1485	1866	1628	1776	1703	1626	1782	1428	1422	1781	1311	1944	1306	1697	1150	1777	1200	1.0956	1.8863	5.3467	1.0956	7.233	1.9647	97
