,10 years,20 years,30 years,40 years,50 years,91 years
1992,0.15567466146226838,0.3456158645390177,0.20644910593701393,0.3313878769522516,0.2726757827766848,0.26480950792032676
1993,0.15422111784191195,0.2093011407728822,0.2813120879829256,0.18199456625188848,0.14168966871449573,0.17342634389278722
1994,0.7698558128653623,0.4969274506119721,0.6889396220699364,0.5485012463599883,0.632498005840116,0.6885195927834031
1995,0.28039563006793156,0.40291121374855265,0.4727699461780963,0.3480671373054083,0.3443929686977052,0.3519435545729639
1996,0.03599729742737168,0.060949117790297436,0.02464919757367401,0.0008983722031583596,0.007608145321655435,0.054340836892463606
1997,0.009220956252762313,0.055560909229347644,0.03422946055379583,0.06476524725880228,0.05252509303153463,0.03676769373051769
1998,0.33403544544863184,0.29194744027083264,0.30250163492219606,0.29034700068163843,0.3170569870527258,0.27066157469729735
1999,0.42916402301516854,0.49167922879518766,0.46834004175533384,0.4734844808058023,0.4298290678750041,0.515922682420757
2000,0.571985065722318,0.6886548167799571,0.6149529687671142,0.613765456899082,0.5976989914728748,0.6770675962881869
2001,0.4071875717997484,0.5644307303582075,0.41640479050092427,0.5199557753769417,0.4946003812669142,0.4299432909732115
2002,1.328463018893748,1.3104612010664978,1.2852027844074243,1.2875530608812715,1.3198459261984343,1.2988554428631467
2003,0.3056596296586722,0.2549382477980622,0.3000381087247659,0.3220053452111378,0.30178839549819525,0.3243338543289216
2004,0.6808133508317384,0.7317379531741075,0.7870339545048539,0.6859334798074821,0.6641387023439247,0.8458437734234456
2005,0.3520051359387715,0.45123554712226266,0.5147972554598859,0.5011966790113682,0.43046569611740537,0.5303852310657486
2006,0.31729450360794154,0.1742023540253026,0.18214262973187623,0.2538120885555877,0.27653582735354565,0.191515988759404
2007,0.8002033198626819,0.5001987824168328,0.4791424153610464,0.5678042881263883,0.6801031853247759,0.4683006389112885
2008,0.1899942398361718,0.11803452964739236,0.05586566635601642,0.1851122936638676,0.16743938769884537,0.02756197409825667
2009,1.1316685701132583,1.1777328604572972,1.112886776130444,1.1561965882677718,1.1533954214242543,1.112049577401864
2010,0.35582147480630155,0.3374274178768326,0.3802115130043564,0.3786780097341982,0.3639222538119258,0.37434422811798385
2011,0.5122534655641715,0.35041899598697235,0.3889021847937162,0.46139395683013795,0.47373271295317565,0.44239022093369496
2012,0.2778292853604478,0.13343098447387725,0.26651955543867434,0.06550239752511189,0.166732261173534,0.2751126114838893
2013,0.7415421056401819,0.4191784692560825,0.5117975391758964,0.49001070116963774,0.6161203054378452,0.5646631373163489
2014,0.6494021539985981,0.6423801776627078,0.6621299581377338,0.6277964676826624,0.6531607396917742,0.6648082646385065
