1.1754368,1.4277154,1.2310614,1.1600074,1.206945,0.90537791
1.4520448,1.9905778,1.5791777,1.6310769,1.5591607,1.1606055
1.7577769,2.0131448,1.798093,1.726072,1.7528334,1.4234488
1.2638594,1.3734751,1.2154743,1.1015539,1.1943363,0.87711126
0.97596254,1.3802531,1.1312094,1.1001489,1.09969,0.80684814
1.6947596,2.0094964,1.7878474,1.7192652,1.7136774,1.4737721
1.4693259,1.6549377,1.5265911,1.3492221,1.4668328,1.2007706
1.8544329,2.0994143,1.9893756,1.8268181,1.8170486,1.6795266
1.7827823,2.1424227,1.946263,1.872789,1.8187568,1.6156004
1.9303718,2.3322528,2.1297822,2.0032903,1.9624898,1.6614232
1.3852646,1.5030753,1.2476922,1.2153226,1.1963043,0.9332925
1.5027269,1.8597253,1.6786121,1.5983,1.6277794,1.3682029
1.2277143,1.5129361,1.3638825,1.2380549,1.2233982,1.0565539
1.4060733,2.2907974,2.0949435,2.0367222,1.9916183,1.7356463
1.1918515,1.6107152,1.4207547,1.3037432,1.2560838,1.0528334
1.6863964,2.4291414,2.2410074,2.1925896,2.1956786,1.8820227
1.6093548,2.693765,2.5399711,2.3881831,2.3635846,2.0989659
1.1102917,1.2029542,0.89620749,0.86049899,0.73920423,0.53981597
1.3683441,2.0044639,1.854129,1.7549029,1.7661372,1.5040067
1.2724544,1.4626129,1.232293,1.2351141,1.2465505,0.99355181
1.451998,1.9888575,2.0833571,1.9973622,1.9580221,1.6891676
1.244098,1.760544,2.016209,1.8693195,1.8649217,1.6413876
1.3705178,1.9359288,1.7032613,1.5517958,1.6467399,1.4510637
1.6568157,2.1783107,2.132693,2.0949525,2.1342654,1.7464787
1.3904245,1.7316121,1.596633,1.5279799,1.501496,1.3181883
1.3198004,1.9003404,2.0634808,1.9391596,1.9371569,1.7027738
1.2387194,2.0354894,2.0114142,1.9184524,1.838976,1.5920113
1.1138196,1.5460275,1.4051436,1.3624622,1.2916398,1.1366066
1.1656667,1.340536,1.6499563,1.5128934,1.5219414,1.3348305
1.090211,1.4584032,1.642836,1.517967,1.4851066,1.3883669
1.5487283,2.0669734,2.2745836,2.2098606,2.2284808,1.9721075
1.3192985,1.6775695,1.8880155,1.8198549,1.7940819,1.5602551
1.5673001,1.7923168,2.0757605,2.2734537,2.3363325,2.0278409
1.2986794,1.9396417,2.2367322,2.0726926,2.0566298,1.8987499
1.2988819,1.7529655,1.9772917,1.905517,1.8085312,1.6168539
1.3261474,1.6086026,1.9644436,2.063882,2.0814561,1.939703
1.2246972,1.7340374,2.0179084,1.7710244,1.7949392,1.6678756
1.3674911,1.8056093,2.1609551,2.2509484,2.190334,2.0352834
0.82532267,0.87487262,1.0784966,1.4048645,1.4237649,1.2502518
1.2093371,1.498043,1.8004936,1.7427503,1.8114893,1.5737697
0.87933132,0.87442863,1.1483666,1.1949478,1.3030984,1.1113249
1.3675219,1.9050751,2.0500926,1.9537608,2.2817683,2.0972097
1.2143245,1.6101933,1.8425111,1.8311563,1.9999299,1.8131684
1.2132102,1.6794859,1.9237929,1.8200987,1.989164,1.7677646
1.5023181,2.1730147,2.3299041,2.2728493,2.1230517,2.0044835
1.3802234,1.7556665,1.9431006,1.9199165,2.1670656,1.9899582
1.2305791,1.3503795,1.7525071,1.8222097,2.0860289,1.9037789
1.1140153,1.4328254,1.7729889,1.7390776,2.0369955,1.8465938
1.2273356,1.4816641,1.7099694,1.6935168,2.0195989,1.8283787
1.3607562,1.6753965,1.5976945,1.508473,1.9235861,1.6926476
0.95409974,1.0938657,1.0563281,1.0001505,1.1374536,0.7332255
1.2184758,1.671696,1.5434081,1.5651258,1.5031499,1.3039516
0.81160312,1.2011354,1.1450989,1.2979828,1.4313138,1.6986865
1.4757175,2.1256869,2.048944,1.9372663,1.9249197,1.7696669
1.2751798,2.0296421,1.995449,2.0386975,2.0061193,1.8507913
0.8855064,1.3434058,1.352734,1.3586584,1.3863283,1.7991788
1.1411809,1.410727,1.3287287,1.385004,1.4449314,1.2830531
1.3819505,1.7180137,1.7439531,1.7262446,1.9673027,1.8911899
1.3671595,1.7253967,1.8655204,1.8410189,1.9572628,2.1177902
1.048088,1.4061069,1.2754497,1.3224579,1.2460648,1.3750514
1.4019692,1.7356404,1.7744914,1.7105199,1.9159414,2.2258218
-0.061446775,0.23905887,0.15540186,0.24192752,0.57552295,1.0756518
1.1557703,1.6030252,1.5328976,1.4787218,1.5003619,1.437828
1.4642021,1.7278171,1.4016837,1.5758696,1.7061413,1.7537097
0.89355514,0.89076524,0.65996273,0.79297874,0.80668278,0.76524636
0.86475507,1.014461,0.9531327,0.87792689,0.89330178,0.94744275
1.0541694,1.5534722,1.5033908,1.639731,1.574074,1.4759471
0.98792125,1.0568637,1.0938099,1.1624184,1.3209128,1.0434952
1.0150701,1.3220699,1.3452743,1.4524944,1.5845583,1.3636892
1.0064054,1.5444729,1.4272975,1.4344624,1.3483578,1.912527
0.75437228,0.77404554,1.0180928,0.66566233,1.1634225,1.7615639
0.85245201,1.100809,0.86307497,0.8711228,0.8218171,0.609254
1.0800514,1.688991,1.6923833,1.4093952,1.5592008,1.8993934
1.3565673,1.2692164,1.1435477,0.82443861,0.97882787,1.6542805
1.2641075,1.6951615,1.7061422,1.5902065,1.6741023,2.1423399
1.055665,1.3522834,1.3530285,1.1693469,1.3804388,1.6555963
0.9888858,1.1373002,1.1922228,1.2396357,1.3713349,1.6758331
1.0449027,1.3570351,1.2138775,1.2459045,1.5103285,1.8481005
0.83086983,1.0471341,0.96980686,1.091414,1.0077082,0.9176044
0.93593066,1.4449147,1.4278078,1.5289042,1.5791211,1.8856146
0.99918571,1.5008071,1.3106403,1.5038691,1.5528915,1.5796231
0.80020125,1.2407438,0.98399944,1.0951641,1.1816151,1.196892
1.2090393,2.1359004,1.8176419,1.9626233,1.8453157,2.1365261
0.99616566,1.5501822,1.6282844,1.3281432,1.1379747,1.8958797
0.92265925,1.3099474,1.3173775,1.2228393,1.1400287,1.4166183
0.73508629,1.3598637,1.3990544,1.1779082,1.0053679,1.3560226
0.71181065,1.0100182,0.90726535,0.71969634,0.67319015,1.1381941
1.2310339,1.8259399,1.6204614,1.7777519,1.7584784,2.3764054
0.88280745,1.2314452,1.1817652,1.0993483,1.0663545,1.5542982
1.263782,1.8237498,1.8081328,1.6991704,1.8423016,1.9843104
1.1238249,1.2266609,1.0431622,0.93412839,1.165507,1.5415413
1.1778627,1.2837257,1.3436932,1.2097916,1.285783,1.3940666
1.1538212,1.5516779,1.3282382,1.2628179,1.2025187,1.4529553
1.2945631,1.6901809,1.6306885,1.4554122,1.6765344,2.0356134
1.3556474,1.5183974,1.4511329,1.4178837,1.5152107,1.8187856
1.0627664,1.4856441,1.3706361,1.396735,1.6556176,1.850421
1.1863042,1.1829679,1.1441595,0.96687289,1.1214386,1.5087147
1.4892862,1.6922053,1.581945,1.6089706,1.7297137,1.9346414
0.81449968,1.3381844,1.2151043,1.2221001,1.3155299,1.5086514
1.0538518,1.2724051,1.1608379,1.2051719,1.3299272,1.4044722
1.0964668,1.2983771,1.2324741,1.1732179,1.2862168,1.5358174
0.81244244,1.1395958,0.82074379,0.88526037,0.79074696,0.99041812
1.27994,1.8028883,1.672925,1.7791201,1.6405978,1.9138067
1.0474579,1.3448969,1.3263547,1.3378133,1.507405,1.1352299
0.82331259,1.3431147,0.79223754,0.87217821,0.80069883,1.1688641
1.1114202,1.4107298,1.5098845,1.2967993,1.5030326,1.2669088
1.3106359,1.3959205,1.2721161,1.3234733,1.6033541,1.2897347
1.2106957,1.407833,1.3242348,1.3134655,1.6280757,1.197213
1.0005644,1.1066573,0.89946484,0.97213978,0.94337003,1.1404113
1.4123548,1.9490977,1.969008,1.843007,1.8515896,1.8605807
0.8353241,1.1077909,1.3835808,1.0464079,1.2172356,1.2483154
0.90925925,1.3354331,1.1222533,0.90559492,1.180413,1.1849684
1.1401615,1.6974087,1.8567594,1.7211605,1.8328863,1.8090252
1.0679464,1.2554207,1.1088971,1.105463,1.03524,1.0139316
