1.365541,1.7557704,1.4613916,1.4331977,1.4182534,1.1470858
1.6605727,2.3046811,1.8422369,1.9194742,1.8096552,1.407831
1.9716759,2.3546033,2.0493084,2.0087785,1.9659303,1.6691893
1.4194887,1.6930364,1.473051,1.3549413,1.3942742,1.0919981
1.1531813,1.7143702,1.3512302,1.3796637,1.2859323,1.0258091
1.9025488,2.3641732,2.0371116,2.0085481,1.9242155,1.6850878
1.6329846,1.9980179,1.7767143,1.6427156,1.6649174,1.4073214
2.0599265,2.4382251,2.2660525,2.1115714,2.0399941,1.9100087
1.9781269,2.4771233,2.2091475,2.1522654,2.0523194,1.8496611
2.1366084,2.6667872,2.3811148,2.3053707,2.172047,1.8638594
1.5263195,1.8346198,1.5171306,1.4983906,1.4207303,1.1591184
1.6957583,2.2019077,1.9267652,1.8617667,1.8322484,1.5971593
1.4635854,1.8375521,1.5867583,1.5035051,1.4361311,1.2872663
1.5531684,2.6291025,2.3547448,2.3168556,2.1896892,1.9355384
1.4970864,1.9536938,1.6587942,1.5893567,1.4732473,1.2653957
1.9088779,2.7951839,2.5163582,2.5101339,2.4560844,2.1618052
1.8248254,3.090882,2.8707711,2.7378529,2.6288237,2.3369038
1.277942,1.5545726,1.1574835,1.1416147,0.9540751,0.76117292
1.5452182,2.3750716,2.1155521,2.0457518,1.975542,1.7125831
1.3709466,1.7881813,1.4895788,1.5298039,1.4680639,1.2309734
1.6894137,2.4371365,2.3618781,2.3198042,2.1862723,1.9333588
1.5406202,2.0921112,2.2601895,2.1779346,2.0947818,1.8904448
1.6281802,2.3227586,1.9506479,1.8747021,1.8743049,1.6729596
1.8251421,2.6045884,2.4027174,2.4288091,2.3697232,1.9782714
1.6002442,2.1153009,1.8981867,1.8537656,1.7387051,1.5273414
1.6115052,2.3197299,2.3367855,2.2485756,2.1573218,1.9515462
1.4663143,2.4605673,2.2848068,2.2369053,2.0512124,1.8215869
1.3196735,1.883786,1.6580003,1.6631234,1.4957936,1.3469223
1.329082,1.5092662,1.9072615,1.8232639,1.6965103,1.5610413
1.3489714,1.6019606,1.883496,1.8254101,1.6969023,1.6040759
1.8172928,2.2639535,2.5170511,2.5177671,2.4873029,2.278123
1.5600105,1.8651929,2.1263233,2.1357647,2.0233975,1.8179433
1.810016,2.0982128,2.325211,2.5855234,2.545938,2.2523959
1.5664567,2.1207855,2.4778161,2.4302663,2.315755,2.1292719
1.5415926,1.9327123,2.3059144,2.2285167,2.080928,1.849127
1.5854685,1.812933,2.2669538,2.3965884,2.3218235,2.1898251
1.5424195,1.9292854,2.2773658,2.1146288,2.0651934,1.9180655
1.6946165,1.9511917,2.4732676,2.5914952,2.5011991,2.3012105
1.1063162,1.1065737,1.2923361,1.711656,1.6341372,1.4527666
1.4778724,1.6981531,2.0117174,2.0588521,2.0578508,1.799338
1.0899265,1.0436282,1.3347026,1.469391,1.5191859,1.3202567
1.5885809,2.1708211,2.1918235,2.2912139,2.4679513,2.3299573
1.4758579,1.7706905,2.0871182,2.0893919,2.2372371,2.0763664
1.4702254,1.8814047,2.1283178,2.1481561,2.1978634,2.0291948
1.6816731,2.2828632,2.5964905,2.5039865,2.3448,2.2888709
1.5566754,2.0178276,2.1973971,2.248643,2.3875151,2.237581
1.4685375,1.7474558,1.9488113,2.1140627,2.2765961,2.1316035
1.3374808,1.6721202,1.9220044,2.0668714,2.3106098,2.0659384
1.4006156,1.6348664,1.8521537,2.0521521,2.2868386,2.0766418
1.5495601,2.0268413,1.6930438,1.742489,2.1348982,1.9016586
1.0090305,1.3886729,1.3100269,1.2656752,1.4077196,0.93845225
1.504743,2.0204032,1.7223769,1.8734213,1.7950437,1.527686
1.0976242,1.5355788,1.2821665,1.5899166,1.6221578,1.928326
1.6824368,2.5444935,2.2330192,2.2410158,2.1458729,2.0183326
1.566406,2.5323819,2.2356357,2.3502279,2.1158265,2.1106949
1.18727,1.6474777,1.4875952,1.6511082,1.4854004,1.9834267
1.3081785,1.7373009,1.5145463,1.5380458,1.4163153,1.5203331
1.598081,2.0456787,1.9681663,1.8633167,1.8652078,2.1514163
1.5797624,2.1505298,2.0217923,2.0223784,2.0181444,2.3634975
1.2842431,1.7496436,1.4537753,1.4808792,1.2629393,1.5949
1.7289812,2.1424768,1.973921,1.8567162,1.8949722,2.4842413
-0.17598191,0.4852172,0.2574833,0.40057317,0.41968178,1.2890063
1.388779,1.8973652,1.8237852,1.6468316,1.5090945,1.5939683
1.7070631,2.0733905,1.6598419,1.727757,1.6526719,1.9437504
1.0782765,1.1552689,0.86005107,1.0077335,0.85878551,0.96055416
1.0404797,1.2726044,1.0916018,0.97342823,0.77902221,1.181477
1.2390752,1.8417516,1.7096833,1.7090986,1.7114548,1.7019394
1.1384356,1.4082219,1.2033898,1.3101442,1.3513423,1.2644845
1.1880586,1.5754639,1.5105958,1.6334648,1.6647805,1.5857874
1.169325,1.755557,1.6477052,1.6102422,1.5474271,2.165635
1.1281854,1.1706438,1.3567404,1.0290146,1.3892235,1.9329291
0.93289006,1.2770301,1.038376,1.0563541,0.89686984,0.84501767
1.2262285,2.0051344,1.8879452,1.5910481,1.6796904,2.1104815
1.3930178,1.5926847,1.4553573,0.99686,1.0394539,1.8435306
1.5672547,1.9545841,1.9772034,1.857528,1.8266249,2.3947959
1.3505308,1.6019901,1.6368831,1.435967,1.480493,1.8703868
1.1753628,1.3295802,1.4712815,1.2409104,1.4349833,1.9374458
1.297965,1.4793582,1.4155942,1.3336305,1.4550241,2.0726295
1.0505664,1.179819,1.1357391,1.3307598,1.0767857,1.0998915
1.0753464,1.6120277,1.6561542,1.580493,1.5276824,2.0676842
1.2475295,1.6249051,1.5990462,1.7240134,1.6270281,1.7832373
0.97575203,1.4527338,1.2984732,1.3391041,1.0806618,1.4307381
1.4311951,2.2443373,2.0018346,2.1842599,2.0206291,2.3739851
1.1209008,1.6826013,1.8688197,1.4564994,1.3955127,2.0934776
1.1978788,1.3532955,1.5526807,1.3652121,1.22155,1.6276746
0.85310062,1.5861102,1.5922663,1.374072,1.1638991,1.5907828
0.77372357,1.0761484,1.0578439,0.94009048,0.69616433,1.3322665
1.4963081,2.0222654,1.9269342,2.0452669,1.9743095,2.6164582
1.084662,1.4883779,1.4728026,1.3898525,1.2472768,1.7423593
1.6359777,2.0409737,1.9862509,1.9730124,1.9602197,2.2343517
1.2898673,1.3466268,1.2787243,1.2025909,1.2745922,1.7477615
1.3507219,1.308631,1.4809664,1.4819027,1.4497827,1.67966
1.4441064,1.4916811,1.5101631,1.5085788,1.3849786,1.7132974
1.5817994,1.7808185,1.9083789,1.7368011,1.9023886,2.3037355
1.4980553,1.6473829,1.7252138,1.6472999,1.713202,2.0938184
1.2040724,1.6106394,1.6094143,1.6697235,1.765055,1.9182581
1.303511,1.4293501,1.3676461,1.2391552,1.3689842,1.5989572
1.6727264,1.9172429,1.7520823,1.9337822,1.8955241,2.1577505
1.083067,1.716946,1.3174146,1.6086416,1.636962,1.596799
1.2459796,1.4688952,1.3776185,1.4656997,1.3320006,1.6009153
1.3485586,1.3771132,1.5525127,1.4043461,1.2472351,1.7276603
0.94805893,1.2290111,1.0809458,1.1246363,0.84158811,1.3008393
1.6162132,1.9815962,1.9501401,1.9625052,1.8927475,2.0922212
1.3142628,1.4476883,1.5276081,1.5921672,1.5650823,1.3326168
1.0502428,1.3903867,0.66797435,1.0472433,0.84777148,1.4625331
1.0959475,1.6520631,1.6932476,1.6384979,1.8159412,1.6746853
1.4319427,1.5679558,1.471172,1.6590549,1.7177806,1.4740231
1.5338389,1.6538064,1.5739384,1.7439759,1.76677,1.4635427
1.1841488,1.1399883,1.0221502,1.1801576,1.0785216,1.3158596
1.7007518,2.0003513,2.196801,2.0008434,1.930984,2.1759837
0.71608722,1.4497567,1.5090759,1.2270842,1.6215807,1.4026052
0.96186665,1.6273219,1.1880772,1.3161708,1.5073214,1.3375273
1.3209448,1.7081961,2.018843,1.8911892,1.8834407,1.9721624
1.1780965,1.2609942,1.2304547,1.3077475,1.0464728,1.1909851
