0.89281013,2.1000278,1.8360464,1.7109123,1.5982887,1.5450874
1.2597968,2.5018458,2.2060592,2.0284015,1.9203481,1.8463548
1.5773019,2.7638513,2.4762432,2.3544124,2.1929125,2.1023184
0.92119913,2.0956081,1.8124662,1.6838045,1.5903438,1.4773915
0.75783778,1.9245969,1.6710237,1.5517595,1.4131855,1.4150572
1.6088835,2.7636624,2.4757058,2.3236221,2.1714771,2.0830877
1.1910025,2.4296009,2.1928419,2.0155172,1.9007649,1.829991
1.8691443,2.9540484,2.6950072,2.566772,2.4451892,2.30756
1.8720814,2.9612344,2.6338755,2.456074,2.351776,2.2351604
1.9886791,3.0840492,2.7602258,2.625742,2.4424218,2.2804138
1.4220913,2.233666,1.8995043,1.779744,1.6366752,1.5490191
1.4008479,2.625609,2.3650783,2.203258,2.1004265,1.9744529
1.3136971,2.2510839,1.9931359,1.8668328,1.7395201,1.6859355
1.2826228,3.0874877,2.8421227,2.6492891,2.5405233,2.3866434
1.2386603,2.2673349,1.9949737,1.8536085,1.7382621,1.6631908
1.797131,3.3016931,3.0401732,2.8844826,2.7665469,2.5917568
1.6296401,3.6837484,3.3745865,3.1686321,3.0342621,2.7924258
1.1802748,1.7443279,1.4774707,1.3035676,1.1762598,1.1367519
1.464832,2.8909019,2.5629968,2.4327887,2.3206194,2.1444996
1.2241798,2.0714761,1.8637956,1.7504197,1.6569347,1.6601733
1.5894375,2.8114697,2.7886757,2.586775,2.4303136,2.332666
1.4348851,2.6347714,2.6844811,2.5234242,2.3817958,2.2839446
1.2339909,2.8135709,2.3636768,2.1974692,2.1320535,2.0996491
1.3663091,2.9719119,2.8090212,2.6220165,2.5292481,2.3934227
1.4750362,2.5761164,2.3240208,2.213925,2.1029623,1.9787349
1.4908474,2.7997727,2.7278302,2.604223,2.5081643,2.3859483
1.1654542,2.8750445,2.6431659,2.4931511,2.3570434,2.2434272
1.2015455,2.2678094,2.0451235,1.9224822,1.8623032,1.7365046
1.3169974,1.8011987,2.2570335,2.151771,2.0391136,1.9783212
1.2944138,1.9931368,2.3017084,2.2068668,2.0753771,1.9623784
1.8464638,2.4610795,3.0490493,2.8945983,2.8229024,2.7026354
1.5944993,2.0398161,2.6185939,2.4599785,2.3695602,2.2254126
1.8682134,2.434773,2.7801346,3.04217,2.9396846,2.7125869
1.6737103,2.4831982,2.9321631,2.8507983,2.7682918,2.6352565
1.6743031,2.0672499,2.6515676,2.5369602,2.45172,2.3345526
1.8152786,2.1023558,2.7721455,2.8489018,2.7356387,2.6278755
1.5696981,2.2756635,2.7346538,2.5057447,2.4947085,2.3708585
1.8195411,1.963113,2.843393,3.0222032,2.9169086,2.7413826
1.0868395,1.2007946,1.6738369,2.0598706,1.9703041,1.9001708
1.4648366,1.9856575,2.254179,2.4781633,2.4107116,2.2220786
0.97042209,1.1587205,1.6068183,1.8502095,1.8095172,1.7337192
1.7254965,2.4938525,2.5503533,2.7309842,2.935762,2.8001547
1.6107415,2.0315732,2.3575265,2.5775059,2.5968296,2.5262143
1.5623389,2.0638738,2.5106712,2.5374268,2.629662,2.4162009
1.7973086,2.3977892,2.7853333,2.8018214,2.762463,2.6952554
1.6365479,2.3217799,2.511296,2.6733254,2.818151,2.6341981
1.5830723,1.8222352,2.1828796,2.5058045,2.6210619,2.5242154
1.3828555,1.7552199,2.1798826,2.4796053,2.6431356,2.4814587
1.5525856,1.6453416,2.1397776,2.4172416,2.6594385,2.496015
1.3796528,2.4850262,2.0420025,2.2130443,2.4507226,2.2960175
0.90072608,1.8145643,1.4851376,1.5921606,1.5512274,1.3428668
1.4014423,2.2975157,2.0355953,2.14108,2.0747774,1.9743419
0.70919471,1.8834415,1.5431943,1.9471695,1.9514793,2.3359748
1.5741253,2.9008203,2.6069937,2.4932669,2.384097,2.4761592
1.6209211,2.829765,2.5469695,2.7434659,2.6331426,2.551432
0.96827691,2.1522788,1.8306718,2.0005029,2.022622,2.3986902
1.2716699,2.1309197,1.6284477,1.8098478,1.7666021,1.9945802
1.6420383,2.6430197,2.0991268,2.3184317,2.2651609,2.6204041
1.3047184,2.619044,2.2940187,2.3939055,2.3554157,2.8459763
1.2836191,2.2112459,1.6777896,1.8759476,1.6373221,2.0422341
1.7444969,2.7551606,2.2310746,2.4331477,2.4419087,2.9665962
-1.063455,0.77637087,0.29823883,0.48653815,0.38970155,1.7602958
1.2928777,2.4796967,1.9795808,2.1166248,1.8771251,2.1029224
1.5967605,2.595648,1.7891143,2.1215665,1.8668685,2.4498761
1.1024849,1.4398478,0.93357863,1.2959315,1.140225,1.3767613
1.0432121,1.6753423,1.2185319,1.2212781,0.8890436,1.5201731
1.1526706,2.2430013,1.9065202,2.132573,1.9689706,2.1982979
1.1238915,1.8877746,1.3951771,1.7198319,1.6567172,1.7316096
1.1197414,1.9446839,1.6273101,2.019129,1.9573858,2.0878401
1.0479068,2.3055713,1.8914757,2.0059566,1.7755165,2.5243954
1.0518476,1.56736,1.1761441,1.3982993,1.5956252,2.2659135
0.74600928,1.5381851,1.0288905,1.2986633,1.1869351,1.1292648
1.2439464,2.4771797,1.927024,2.0960558,2.0340226,2.4726605
1.3804929,1.7590586,1.0544817,1.3558769,0.90094034,1.9285988
1.4213499,2.2282237,1.925351,2.1866802,2.0767753,2.7787114
1.2828693,1.8825582,1.6206026,1.8208098,1.772197,2.1733444
1.0541907,1.5782578,1.4626235,1.726117,1.7461735,2.2828025
1.1042205,1.8027216,1.3047184,1.676065,1.7918691,2.4471981
0.91895299,1.2262955,1.1802503,1.5259975,1.2770155,1.383428
1.0659293,1.7541021,1.5930951,1.8193699,1.832636,2.4057017
1.148631,1.8636231,1.6583935,1.9249139,1.9299745,2.1264483
0.85376494,1.3573637,1.2802064,1.4845956,1.3684797,1.6824033
1.4984305,2.3785929,2.1232648,2.4186086,2.3189716,2.8068987
1.2336864,1.3024174,1.3132873,1.6836836,1.5250756,2.1319212
1.2897389,1.4146235,1.4033419,1.5866645,1.4828361,1.873872
0.80433424,1.4516984,1.1780583,1.5201856,1.5155028,1.755056
0.89953805,0.89930405,0.69328985,1.0434053,0.94462123,1.4864059
1.4247392,2.0160869,1.8630253,2.4816758,2.2718202,2.9713321
0.9858421,1.6017803,1.4642673,1.6905718,1.6077075,2.0863528
1.2952921,2.3192952,2.0525697,2.3478208,2.3579386,2.6267829
1.0268635,1.4755716,1.0526588,1.6273035,1.4649429,2.0135202
0.8729947,1.622114,1.6005198,1.8656353,1.6373307,1.8659629
1.2092931,1.7525895,1.5043465,1.9451269,1.7548261,1.9904109
1.3646049,2.2605641,2.0332019,2.249504,2.277607,2.5830693
1.3768242,1.6923272,1.5072677,1.8708325,1.914252,2.3394116
0.95036251,1.821887,1.614298,1.9572981,2.1071742,2.3205377
0.98148332,1.6001782,1.2992678,1.6046869,1.756035,2.1184137
1.4111774,2.0119449,1.703093,2.2170919,2.21318,2.4295731
0.6872616,1.9992956,1.4893195,1.7611657,2.0305773,2.0411601
1.0030251,1.8087264,1.5467463,1.7774016,1.6574283,1.9757767
0.99271887,1.6370541,1.5004085,1.6979563,1.5289589,1.8502323
0.7107287,1.3794142,1.1632553,1.2834211,1.0736684,1.5686929
1.3860288,2.2190827,2.1170681,2.2369683,2.3262723,2.56989
1.1436199,1.954917,1.6207767,1.8228752,1.6381526,1.6198799
0.86339905,1.3523805,0.72600258,0.9517817,1.0675296,1.9138559
1.0342895,2.1602882,1.6866605,2.068945,2.0542837,2.0563655
0.95201823,2.1094531,1.5836943,1.9890778,2.0392494,1.9070477
1.4653729,2.1078103,1.6488489,1.9384669,2.1200277,1.7671502
0.91240259,1.1918718,0.99993835,1.3847523,1.1495094,1.6088889
1.3890657,2.0656468,2.0243464,2.0552962,2.1025657,2.3800325
0.84316404,2.0162357,1.7128246,1.520547,1.8510496,1.7299409
0.97016814,1.9624365,1.2447386,1.1121677,1.5768177,1.5886171
0.92709693,1.9828832,1.982556,2.0057762,2.1349857,2.1977072
0.88118418,1.3251118,1.1654664,1.2410919,1.2644833,1.3745591
