2639	2363	2803	2009	2359	2638	2364	2181	2642	1922	2640	2555	1837	2724	2362	2271	2272	2636	2008	1923	2010	2007	2177	2263	2273	2457	2455	2100	2268	2456	2804	2095	2180	2544	2643	2554	1848	2184	2641	2647	2637	2547	2088	2548	2360	2094	2546	2278	2458	2093	2182	2725	2015	2097	2274	2091	2179	1686	1687	2092	2463	1925	2361	2012	1926	2727	2545	2374	2635	1927	2543	2453	2090	2549	2270	1.2829	0.64353	2.588	1.2829	3.2316	2.0433	65
1454	2146	2321	2055	2405	2060	2056	1810	1976	1811	2223	1656	1974	2226	2410	1979	1809	2501	1395	1724	2314	2319	1884	2409	1883	1723	2318	2143	2411	2316	1801	2499	1978	2313	1730	1518	2406	2225	1456	1587	1645	2320	1720	2317	2408	2136	2315	1455	2591	2407	1894	1658	1657	2232	2061	2052	2500	1807	1589	1729	2404	2141	2228	2229	1893	1975	2145	2227	2498	2230	2312	2144	1583	1719	2047	0.16219	0.0055539	8.7957	0.16219	8.7901	0.38499	60
4517	4760	4763	4476	4784	4838	4898	4551	4640	4499	4785	4809	4481	4571	4550	4643	4762	4480	4572	4783	4533	4837	4594	4636	4532	4810	4516	4869	4867	4563	4586	4514	4729	4526	4709	4596	4876	4568	4742	4610	4681	4661	4479	4515	4549	4478	4875	4634	4660	4497	4620	4903	4498	4548	4756	4759	4457	4541	4595	4560	4585	4868	4662	4611	4477	4612	4569	4638	4570	4531	4513	4496	4904	4495	4901	0.47989	0.14759	2.3596	0.47989	2.2121	0.71209	78
3741	4102	4226	3657	4268	3654	3356	3903	4086	3736	3734	3821	3968	4101	3651	3742	4028	3735	4141	3828	4194	3733	3906	3457	3900	4151	3737	3972	4035	3827	3820	3456	4095	3896	4186	4029	4236	3829	3738	3257	4090	4184	3653	3561	3360	4092	3647	4091	3652	3898	3556	3823	3656	4271	3819	3908	4145	4140	3728	4235	3554	3901	3740	3812	3655	3965	4185	3822	3824	4138	3648	3897	3826	3907	3555	0.45463	1.7114	11.279	0.45463	12.991	1.1769	69
36	147	100	187	133	40	56	134	188	86	149	211	49	80	97	189	107	99	60	96	113	68	136	132	145	199	146	152	208	169	45	170	151	84	35	10	73	238	128	48	153	210	150	202	171	118	53	167	218	102	251	142	129	115	59	220	111	103	126	83	114	135	127	168	109	87	66	191	131	101	154	125	178	14	82	0.08632	3.3482	2.3906	0.08632	5.7387	0.4588	51
1188	1528	1899	1411	2148	1825	1135	1668	2062	1289	2149	1895	2233	2158	2151	1532	1995	2241	1462	2239	1410	2421	1463	1467	1812	1401	1986	1527	1355	2066	1896	1464	1183	1742	1402	1661	2237	1744	1898	2074	2331	2332	1598	2150	2240	1994	1740	1993	1522	1981	1592	1470	1529	1984	1830	1530	2242	2238	1749	2152	1985	1905	1603	2420	2157	2155	1741	1815	2067	1404	1908	2065	1983	1091	1531	0.17534	0.073839	9.2173	0.17534	9.1434	0.4181	85
3327	2516	2432	3232	1914	3034	3884	2525	2618	3882	2247	2524	2706	2333	2345	2870	2425	2529	3235	2863	3958	2711	2526	2519	3531	3804	2712	2527	1752	2001	2610	2956	2786	2615	3883	2617	3238	2708	4027	1831	2621	3047	2709	2431	3805	2710	1751	3044	3529	3806	3129	3330	3323	2620	3048	2862	2436	2949	2423	2955	2619	2343	2609	3423	3434	2869	3961	3807	2951	3530	3721	1754	3885	2612	2075	1.049	1.8388	9.7744	1.049	11.613	1.5351	83
2906	3184	3580	3479	3193	3678	3096	2480	3488	3585	3095	3093	2821	3848	3684	3686	3847	3490	3088	3001	2664	2988	3192	3089	3191	3763	3582	3685	3183	2572	2566	2659	2827	2897	2569	2738	2661	2479	2571	2386	3000	2744	3930	3680	3849	3682	2568	3773	3762	3483	3766	3087	2996	3676	2562	3689	3590	3681	2908	2993	2740	2994	3492	3764	3090	3586	2662	2663	2826	2746	3390	3683	3281	3846	3480	0.21462	0.49371	4.8456	0.21462	4.3519	0.31196	42
3992	3910	3747	3914	3909	4152	3834	3832	4049	3918	3911	4156	3916	4048	4104	3470	4108	3987	4103	4153	3749	3472	3757	3912	3993	3986	3839	3473	3988	3471	3917	3746	3169	3835	4107	3836	3830	4050	3368	3573	3837	3570	3913	3915	3842	3833	3667	4055	3168	3267	3264	3568	4195	3831	3569	3669	3664	3745	3756	3469	3265	3748	3468	3663	3366	3743	3838	3753	3266	3365	3367	3475	3921	3364	4053	0.1946	0.46227	1.126	0.1946	1.5882	0.43686	57
4414	4353	4355	4135	3692	4259	3599	4383	4461	4178	4438	4441	4261	3774	4389	4433	4020	4413	4068	3941	4354	4385	4265	3594	4081	3595	4326	4222	4391	3936	4384	4136	3499	4356	4012	4324	3860	4073	4415	4297	4439	4437	4362	4327	4266	4351	4462	4440	4387	3775	4460	4021	3398	4264	3945	4416	4382	4349	4459	4299	4330	4007	4357	4325	4263	4221	3866	3786	4386	4298	4300	4329	4434	4412	4435	0.70756	0.24231	7.1345	0.70756	6.8922	1.0548	99
808	995	853	1080	812	1231	991	988	778	862	1034	1129	1081	1131	861	820	1130	1087	780	1178	990	987	1179	950	1128	1176	905	1040	1175	943	1180	996	1035	815	1079	1134	1033	858	1227	949	986	851	904	849	1038	902	1225	1132	1226	1083	811	860	903	1123	1082	994	948	901	856	1230	1182	1032	1232	819	1229	705	1124	816	817	946	777	1228	947	1177	742	0.45157	0.20058	7.4906	0.45157	7.6912	1.003	61
3147	3455	3156	3244	3445	2348	3646	2438	3355	3641	3062	3546	3553	2353	2262	2006	2793	2443	2632	1921	3549	2801	3636	2255	3245	3454	2964	3639	2172	2969	2350	3348	2437	3255	2631	2722	2541	2626	2349	3552	2257	3256	3354	3451	2533	2622	3157	2535	3644	3152	2716	3810	3886	3727	2087	2346	2965	3453	2795	2623	3160	3962	2971	3254	3253	2540	2627	3634	2256	2633	2723	3452	2439	3635	3345	0.221	2.6527	11.54	0.221	14.193	0.72834	49
4288	4392	4204	4332	4169	4418	4277	4488	4167	4363	4420	4109	4122	4245	4465	4238	4334	4482	4067	4276	4490	4492	4157	4370	4302	4248	4303	4333	4158	4395	4474	4202	4207	4364	4273	4283	4197	4272	4304	4442	4538	4056	4057	4518	4171	4475	4159	4201	4275	4393	4500	4394	4483	4307	4242	4422	4239	4419	4006	4485	4240	4365	4366	4338	4484	4421	4110	4335	4430	4456	4244	4305	4487	4493	4118	0.60097	1.2437	2.8338	0.60097	4.0775	1.2539	60
638	826	748	575	747	957	609	581	719	637	750	551	518	836	676	757	614	611	714	681	523	786	752	576	469	787	965	951	496	1003	610	754	580	643	749	613	796	828	794	644	641	913	574	789	549	788	711	829	646	647	522	493	1008	645	717	612	578	550	715	956	876	545	642	795	712	1052	520	797	673	495	835	680	579	443	746	0.40298	5.7864	4.0024	0.40298	9.7888	1.4576	72
625	279	452	313	426	585	380	284	530	594	486	552	318	556	366	273	431	656	555	582	329	282	471	470	500	524	616	497	591	365	528	407	445	397	529	687	446	593	553	274	398	480	453	473	319	304	377	498	425	326	615	472	323	501	349	257	358	354	583	352	525	526	554	402	564	420	503	527	624	485	400	499	423	295	296	0.2233	1.6286	3.6485	0.2233	5.2771	0.48352	75
3097	2296	2297	2918	2578	2121	2039	3194	2665	3011	3010	1873	3205	2393	2040	2205	2762	3108	2573	2670	2679	2481	3110	2923	2841	2308	2919	2674	2671	3109	3302	2753	2484	2041	3105	2842	2387	2837	2129	3106	2833	3201	3204	2838	2680	2669	2046	2579	2305	3291	2497	2920	2921	2398	2835	2394	2486	3202	2763	2216	3195	1794	3009	2922	2681	3197	2485	3298	3007	3107	2909	3012	2482	2577	3203	0.39002	0.46592	7.0718	0.39002	7.5378	0.65649	63
4754	4919	4747	4826	4918	4675	4576	4696	4652	4771	4893	4674	4949	4726	4720	4746	4599	4960	4828	4702	4724	4752	4695	4889	4798	4728	4916	4748	4934	4750	4698	4600	4862	4936	4890	4774	4825	4721	4797	4727	4858	4743	4801	4894	4602	4718	4775	4933	4950	4958	4676	4962	4773	4935	4597	4947	4917	4673	4932	4782	4799	4722	4915	4777	4800	4857	4827	4888	4914	4753	4808	4951	4755	4772	4648	0.35782	0.14486	2.4243	0.35782	2.5692	0.41774	95
1065	1261	1570	1439	1713	1204	1639	1429	1712	1378	1633	1437	804	1566	1641	878	1500	1271	968	1571	1328	1711	1497	1501	1569	1317	1642	837	1637	1382	1574	1313	1506	1565	764	1573	1638	798	803	1442	838	926	1499	1505	1640	1372	1262	763	1504	1436	1383	1435	1572	1374	1257	1381	1568	1371	1502	1498	844	1434	1792	1320	1071	1319	1370	1057	1375	1440	802	1433	1705	1432	879	1.3235	0.53908	6.2942	1.3235	6.8333	2.2807	93
2601	2682	3793	3409	3211	3712	3215	2691	3116	3876	2929	2932	2514	2854	2860	3800	3309	2848	3406	3518	3706	2928	3021	2502	3018	3608	2775	2858	3020	2853	3618	3508	3210	3609	3121	3213	2940	3214	3790	2592	3514	2692	2602	3791	2505	3405	2594	2767	2504	3798	3799	3714	3619	2412	3705	3320	2599	3877	3027	3221	2511	3222	2597	3212	3310	3717	3610	3308	2510	2927	3315	3022	3803	3521	3507	0.05231	0.028681	8.0833	0.05231	8.0546	0.19282	58
1626	2119	1561	1361	1629	1305	1485	1555	1251	1309	1627	2196	1562	1785	1703	1861	1426	1306	1312	1486	1360	1628	1363	2203	1492	1424	1149	1362	1198	1428	1558	2025	1783	2383	2204	1952	1867	2116	1484	2195	1560	1630	1625	1554	1699	1494	2377	2294	1784	1780	1949	1487	2293	2118	2115	2202	1559	1489	2379	1624	2292	1493	1863	1488	2378	1702	1556	1557	1553	2030	2200	1781	1421	1420	1868	0.53574	1.4797	5.1881	0.53574	6.6678	1.2724	87
