2094	2277	2803	2179	2546	2371	2456	1932	2360	2093	2453	2637	2554	2182	2646	2180	2551	2461	2008	2555	2178	2181	2549	2095	1837	2545	2271	2007	1922	2638	2362	2363	2641	2547	2455	2361	2272	2635	2278	1687	2173	1849	2639	2270	2454	1838	2092	2727	2088	2368	1.2202	0.90558	2.326	1.2202	3.2316	2.0433	76
1646	2409	1453	1976	1726	1715	1801	2500	2222	2317	2141	2321	1507	2316	1811	2056	2411	2501	1657	1730	1394	2408	1719	1894	1721	2320	1893	2319	2312	1729	2057	2407	2499	2231	1581	1644	1395	2410	2315	2498	2060	2144	2230	1647	2406	1520	2146	2061	2145	2136	0.13431	0.18996	8.6002	0.13431	8.7901	0.38499	67
4816	4567	4867	4898	4756	4587	4533	4661	4551	4809	4481	4838	4663	4596	4548	4517	4848	4618	4530	4571	4644	4550	4569	4495	4585	4868	4516	4476	4785	4595	4499	4845	4570	4572	4636	4662	4498	4819	4479	4593	4878	4542	4560	4783	4568	4729	4480	4820	4837	4584	0.4787	0.01322	2.1988	0.4787	2.2121	0.71209	44
3823	3737	4194	3735	3554	4102	3820	3812	4138	3559	3555	3982	3734	3822	3561	4226	4086	4189	3983	3971	3456	4235	3738	3895	3647	3742	4140	3649	3816	4028	4268	3556	4151	3736	3741	4038	4236	3650	4029	3657	3656	3257	4091	4184	3740	3728	3829	3356	3655	4271	0.4027	1.75	11.241	0.4027	12.991	1.1769	40
92	30	82	103	17	73	68	87	152	111	49	231	141	132	211	97	153	83	165	60	190	36	130	239	113	48	46	70	10	164	133	163	43	149	84	154	178	98	200	47	167	45	53	35	181	252	41	40	120	69	0.084455	3.392	2.3467	0.084455	5.7387	0.4588	35
1463	1190	1988	2326	2158	2067	1410	1408	1899	2238	2152	1661	1830	1749	2066	1243	1355	1740	2332	1409	2156	1734	1995	1238	1985	1898	2150	1527	2151	1733	2237	1298	1595	1345	2235	1411	1402	1528	1911	1984	1236	1669	2242	1296	1472	1815	2065	2241	2331	1524	0.15227	0.020632	9.1228	0.15227	9.1434	0.4181	88
2527	2945	3961	2868	2075	3238	2616	1998	1997	3423	2712	2711	3882	2942	1912	2610	2789	2621	2869	2528	4026	2254	2863	3883	2701	2526	2618	1913	2944	2619	3958	2956	2710	2955	2521	3048	3959	3140	2620	2345	2433	1753	2615	2430	3047	2862	1831	2529	2709	1751	0.96392	0.90573	10.708	0.96392	11.613	1.5351	92
2823	3186	3090	3682	2480	2572	3590	3764	2479	3585	3285	3184	3001	3193	3773	3849	3927	3761	2664	2663	2655	3592	2991	3089	3183	2992	3096	3684	2478	3383	3763	2746	2571	2993	3681	3686	2386	3689	3848	2822	3192	3762	3678	3088	2566	3484	2569	3091	3593	2906	0.2176	0.17509	4.527	0.2176	4.3519	0.31196	56
4152	3915	3665	4048	4049	3661	3265	3912	3470	3986	3987	4103	3835	3913	3366	3752	3911	3917	3988	3164	3909	3832	3754	3910	3914	3839	3267	3263	3836	3834	3837	3570	3365	3838	3831	4107	3666	3830	3753	3916	3367	3571	3918	3468	3751	3833	3264	3364	3469	3749	0.178	0.63985	0.94839	0.178	1.5882	0.43686	77
3598	4460	4462	4385	4386	4381	4218	3594	3599	3863	3774	4263	3497	4354	4264	4265	4390	3701	4461	4353	3695	4355	4362	3398	4356	3694	3596	4326	4295	4416	4325	3789	4441	4383	4414	4016	3938	4361	4415	4136	4440	4178	3775	3605	4413	4359	3704	4387	4296	4294	0.66725	0.037041	6.9292	0.66725	6.8922	1.0548	51
862	900	1231	1134	1129	992	1223	986	1228	861	1179	946	1180	858	935	945	847	902	816	1127	943	814	1230	630	1176	1081	1130	905	820	817	810	809	1128	851	1227	860	741	856	987	1087	1232	904	1038	989	857	859	808	1035	805	988	0.42232	0.22924	7.462	0.42232	7.6912	1.003	59
3059	2006	3886	3348	2880	2722	2532	3158	2255	2256	3353	1921	3449	2349	3350	2541	3450	2879	2801	3811	3646	3151	2874	3455	2718	2437	3454	2530	2622	2539	3808	3634	2623	3635	3451	3155	3553	3244	2257	3453	2346	2626	2169	2348	2968	3445	3727	3552	2438	2721	0.20895	1.662	12.531	0.20895	14.193	0.72834	60
4057	4421	4275	4302	4279	4110	4393	4117	4418	4484	4557	4274	4332	4166	4333	4238	4164	4363	4365	4122	4058	4198	4201	4244	4111	3999	4304	4197	4248	4162	4334	4163	4065	4278	4064	4211	4237	4364	4392	4239	4003	4243	4303	4272	4276	4240	4442	4273	4056	4109	0.40716	1.7312	2.3462	0.40716	4.0775	1.2539	74
794	758	682	551	466	641	1004	581	679	580	613	713	751	520	786	795	579	753	787	612	719	824	640	715	614	960	611	610	792	605	871	469	443	644	752	645	495	680	676	577	647	550	468	750	963	643	637	717	918	523	0.33489	5.6252	4.1636	0.33489	9.7888	1.4576	79
615	594	531	475	473	350	294	530	582	333	583	563	449	260	497	560	398	689	501	553	283	584	470	376	396	566	272	358	524	513	654	528	552	460	327	326	498	269	400	325	311	525	319	471	377	499	616	526	472	527	0.20067	1.9358	3.3413	0.20067	5.2771	0.48352	65
2127	2046	1875	2393	2131	3393	2751	2295	3011	3295	3194	3097	2128	2920	3302	2921	3392	3107	2129	3202	2919	2747	3301	2132	2841	2669	3010	3291	2922	3012	2296	2828	3009	3106	2484	2763	2836	2842	3397	3205	2040	2388	2387	2753	2485	2578	2041	3002	2215	2909	0.36244	0.6772	6.8606	0.36244	7.5378	0.65649	73
4857	4826	4648	4856	4720	4721	4728	4939	4675	4894	4797	4825	4723	4719	4827	4889	4747	4678	4960	4597	4718	4828	4964	4702	4800	4951	4835	4858	4808	4801	4888	4776	4947	4917	4755	4701	4799	4782	4890	4916	4855	4829	4859	4576	4781	4773	4771	4798	4746	4772	0.35693	0.021284	2.5905	0.35693	2.5692	0.41774	76
1574	803	1429	1498	1497	1506	1642	977	1269	1569	1565	1502	1381	763	1641	1573	1437	1442	1313	1262	1154	885	1572	1503	1571	1504	1567	1499	1327	1370	1441	804	1505	1382	844	1375	1384	1570	1792	1713	1434	1712	1204	1711	1637	1323	1640	1500	1440	1261	1.1918	0.5718	6.2615	1.1918	6.8333	2.2807	101
3794	3315	2853	2504	2682	2592	3215	3018	3507	3798	3409	3022	3116	2691	3114	2764	2851	3956	3211	3608	3609	3313	3795	2925	3790	3705	2935	2602	3308	3128	3321	3124	2605	3309	3799	2593	2514	2413	3117	3212	3122	2694	3027	2601	3111	2690	3210	2850	3320	2597	0.055422	0.44108	7.6135	0.055422	8.0546	0.19282	88
1558	1698	1420	1485	2383	1363	2294	1776	1360	2030	2293	1361	1492	2287	1625	1369	2203	1559	2292	2379	1486	1631	1784	2289	1428	1427	2291	1254	1487	1362	1422	1421	1556	1948	2204	1703	2196	2118	2286	1367	1494	2380	2378	1630	1554	1869	1493	2288	1250	1312	0.55516	1.2219	5.4459	0.55516	6.6678	1.2724	38
