186	135	148	185	131	99	87	111	152	184	36	181	14	166	114	60	27	49	109	48	163	10	81	73	92	8	167	59	47	72	43	71	149	198	103	35	85	24	46	130	0.12608	3.589	2.2086	0.12608	5.7976	0.53224	16
3119	3948	3505	3013	2925	3113	3877	3024	3702	2926	2847	3955	3402	3303	2921	3515	3401	3111	2770	2841	3504	3214	2842	3012	3112	4022	3713	3205	2684	3871	2844	2920	3703	3118	2682	4020	3016	3108	2763	4025	1.0416	0.90311	6.1911	1.0416	7.0942	1.2934	48
2185	1846	2181	1542	1479	2464	1477	1474	1615	1763	1546	2463	2460	1762	1759	1684	1687	2270	1611	1768	1612	1764	2276	1757	2015	2367	1933	1686	2094	1765	1613	1847	2641	2555	1934	1842	1925	2455	2179	2551	1.7367	0.33293	4.3153	1.7367	3.9824	2.0132	36
950	1139	1238	856	990	1043	1128	1088	1091	1042	1187	1186	1291	1185	1237	1290	1081	898	1236	1090	1137	1289	1041	1401	1080	1089	1039	949	1138	1190	1136	993	1345	1140	1188	820	1396	1129	988	815	0.38502	0.90541	7.2462	0.38502	8.1516	0.94529	52
1021	562	540	767	654	623	736	730	847	533	598	557	539	935	729	532	656	691	692	731	932	693	765	930	728	591	655	657	803	624	766	738	565	845	806	566	537	531	802	569	0.50449	1.049	4.2515	0.50449	5.3005	0.75516	50
4718	4696	4649	4835	4721	4722	4673	4855	4743	4626	4831	4823	4865	4956	4896	4780	4886	4621	4949	4824	4728	4719	4797	4858	4720	4798	4940	4652	4716	4675	4698	4772	4717	4771	4745	4774	4653	4825	4691	4854	0.40858	0.021392	1.8759	0.40858	1.8545	0.52229	35
2901	3084	2897	2993	3083	3183	3185	3181	2992	3091	3281	3085	3089	2995	3088	3184	2903	2819	3087	2997	2377	3278	3186	2994	3182	3280	3279	3282	2665	3086	2902	3277	2469	2816	2900	3180	2991	2996	3179	2989	0.84801	1.4335	4.5	0.84801	5.9335	1.9768	41
4739	4820	4741	4819	4662	4738	4790	4795	4709	4905	4791	4768	4742	4789	4788	4847	4765	4875	4794	4715	4714	4764	4770	4792	4769	4617	4740	4878	4767	4822	4734	4849	4796	4713	4877	4821	4793	4766	4848	4737	0.31626	0.18447	0.63751	0.31626	0.82198	0.58473	34
4045	3733	4101	3741	3984	4046	4194	4234	3651	4236	3259	3357	4271	3457	4102	3985	3742	3828	4151	3890	3736	4100	3829	3827	3654	3554	4047	4139	3983	3728	4044	3908	3456	4193	4269	3907	4138	3732	4029	4235	0.57169	9.7594	4.1931	0.57169	13.953	6.0701	46
3060	3553	3353	3642	3255	3811	3156	3727	2799	2262	3646	3725	3146	2086	2880	3455	2006	3726	3810	3061	2087	2800	1921	2971	3356	3809	3355	2798	1836	3552	3256	3257	3449	2622	2532	2713	3354	3454	2718	3547	0.35007	1.6709	8.932	0.35007	10.603	1.8019	22
4005	3855	4277	4281	4275	4334	4339	3763	4105	4106	4272	3583	4304	3766	4121	4366	4163	4276	4169	4245	4280	4241	3486	3678	4158	4202	4001	3582	4237	4063	3998	4161	4392	4201	3846	3930	4242	4273	4332	3587	0.18009	0.069131	2.5162	0.18009	2.5853	0.21079	39
188	251	508	410	189	453	509	208	507	484	436	252	243	285	191	308	454	483	439	434	338	332	341	411	229	205	415	361	366	435	438	357	292	230	288	479	363	225	429	222	0.16776	0.055197	3.1534	0.16776	3.2086	0.19242	25
1433	1436	1575	1059	1162	1106	1431	1371	1784	1375	1709	1432	1370	1107	1642	1020	1013	1314	1498	1868	1429	1068	1639	1637	1067	1573	1070	1872	1640	1638	1494	1574	1567	1155	1019	1434	1069	1018	1501	1168	1.3164	0.89222	6.4789	1.3164	7.3711	1.7014	49
3627	3635	2952	3883	2951	3885	3337	3807	3341	4027	3135	2873	3530	2345	2706	3041	3043	3720	2436	2529	2621	3049	3961	3137	3140	3232	2615	2434	3805	2527	2787	3048	2948	2712	2528	3442	3238	2435	2705	2792	1.0781	1.8063	11.58	1.0781	13.386	1.8205	31
3575	3989	3477	3072	3665	3757	3369	3370	3569	3269	3574	3919	3841	3366	3670	3837	3468	3365	3673	3371	3671	3576	4049	3918	3667	3672	3836	3756	3914	3578	3473	3266	3469	3577	4103	3474	3270	3913	3573	3755	0.64997	0.28969	1.7085	0.64997	1.9982	0.90568	41
4343	4655	4560	4632	4418	4500	4367	4476	4514	4515	4463	4611	4393	4394	4531	4454	4492	4657	4631	4561	4340	4422	4627	4372	4482	4634	4374	4654	4488	4396	4341	4629	4315	4469	4419	4609	4376	4368	4656	4628	0.44315	2.4355	3.1319	0.44315	5.5674	1.0325	32
4433	4176	4479	4211	4258	4352	4434	3868	4328	4480	4261	4361	4481	4457	4379	4386	4458	4456	4408	4288	4441	4213	4082	4218	4417	4382	4286	4440	4331	4299	4137	4351	4264	4287	4316	4355	4411	4216	4462	4391	0.51405	1.1726	6.4988	0.51405	7.6715	0.76164	24
2577	2306	1643	1713	1644	2838	1964	2500	1715	1878	2670	2839	2761	2681	2840	2492	1714	2919	2484	2489	2680	2836	2407	2590	2485	2759	1794	1795	2837	2754	2758	2755	2757	2760	1965	2036	2756	2589	1873	2406	1.4005	0.82608	8.1208	1.4005	8.9469	2.1446	47
2501	2688	2315	1814	2409	1886	1893	1457	1455	2317	1810	2141	1984	1518	1803	2599	2418	2505	2237	2055	1805	1456	1459	2596	2316	2140	1402	1727	1654	2509	2595	2504	2417	2508	2408	2597	1460	2233	2415	1972	1.5276	0.26486	9.0901	1.5276	9.355	2.018	27
1096	1623	1146	1147	1307	1616	1549	1420	1779	1946	1864	1150	1695	1698	1249	1865	1557	1556	1196	1862	1099	1199	1097	1363	1200	1423	1100	1945	1250	1490	1486	1362	1422	1197	1251	1861	1694	1151	1253	1547	0.79162	3.5995	4.6191	0.79162	8.2186	1.8547	26
1051	826	868	608	676	615	915	637	867	580	614	1009	1010	639	1001	640	679	959	547	878	713	579	680	611	644	825	746	613	646	958	914	786	748	710	683	1048	612	609	678	966	0.3574	4.8506	3.7287	0.3574	8.5793	1.2179	49
1743	2160	2245	1753	2159	1906	1299	2161	2339	1472	1298	2253	1294	1668	2433	1406	2251	1829	1600	2330	1349	1348	1602	2343	2163	1353	2249	1535	2240	1297	1352	1351	2344	1741	2342	1603	2252	1409	1599	2254	0.40922	0.30789	8.85	0.40922	9.1579	0.64734	55
3866	3296	3295	3597	3690	3095	3934	3939	3390	3592	3593	3194	3775	3938	3856	3298	3005	3493	3092	3935	3940	3094	3489	3591	3774	3191	2999	3386	3004	3588	3501	3490	3398	3192	4009	3601	3297	3502	3188	3389	0.52042	0.44054	5.4867	0.52042	5.9272	0.68169	45
3031	2859	3030	3625	3622	2938	2858	2860	2518	2516	2940	2609	2693	3620	3717	3125	2600	2697	2610	3522	2937	2608	2605	3803	2863	2784	2699	2700	2611	3621	3521	3719	3623	2698	3527	2946	3126	3422	2423	2517	0.7311	0.0088517	7.7646	0.7311	7.7558	0.88083	86
240	238	351	356	522	581	352	528	502	398	217	262	280	521	376	550	450	549	261	553	520	428	503	401	377	475	556	552	449	530	402	523	474	424	452	504	524	447	374	497	0.19367	6.984	2.762	0.19367	9.746	1.9225	48
