111	28	178	99	201	36	66	48	170	183	131	49	147	54	10	43	35	42	17	95	92	24	34	69	199	135	126	47	60	73	8	149	14	132	4	70	33	179	133	112	1.4027	3.4916	1.0871	1.4027	4.5787	8.4039	28
2768	2687	3017	2683	3604	3948	3786	3107	2684	2841	2682	2686	3313	3015	2844	3952	2762	3881	2921	2592	3205	4083	3413	2685	4024	2593	3012	2920	3869	2931	4020	3503	2922	4023	3014	2842	3109	3300	3798	3950	43.858	0.24732	8.3162	43.858	8.5636	81.482	57
2274	2181	1475	2180	1757	1413	1756	1922	1478	2094	1842	1474	2183	1473	2098	2009	1923	1414	1928	2095	1926	2099	2008	1927	2093	1477	1687	2007	2182	1925	2017	2177	2092	2645	1537	1933	2097	1546	1476	1837	9.3675	0.40161	2.3662	9.3675	2.7678	21.376	45
705	1175	776	818	993	943	740	1237	1188	1180	1347	1346	903	862	947	1177	819	1338	1293	1454	902	1452	820	741	1184	704	780	742	1451	904	1185	739	667	1290	992	1041	1186	1231	1450	779	23.747	1.0975	6.7022	23.747	7.7997	41.947	42
937	1022	596	659	737	684	698	804	725	569	592	598	536	664	701	537	626	663	851	805	566	538	649	568	540	977	889	930	724	562	511	600	654	597	593	1024	1023	564	565	981	12.828	0.15957	5.3724	12.828	5.5319	18.616	42
4834	4946	4832	4678	4923	4805	4782	4781	4808	4754	4780	4755	4726	4835	4938	4728	4807	4753	4939	4863	4921	4727	4922	4895	4725	4701	4779	4806	4865	4833	4861	4862	4896	4752	4677	4700	4831	4894	4920	4864	0.24521	0.59171	0.18965	0.24521	0.78136	3.8266	22
2563	3186	3187	2476	2475	2477	2386	3089	3183	2992	3184	2990	2027	1947	3182	2387	3091	2991	2471	2561	2904	2469	2826	2737	2562	2997	3280	2653	2746	3185	3281	3084	3087	3086	3283	2815	2993	3279	2906	3282	27.114	0.083976	5.3553	27.114	5.4392	42.682	33
4703	4596	4769	4809	4620	4644	4866	4873	4822	4739	4570	4680	4870	4715	4551	4868	4595	4572	4571	4643	4867	4836	4690	4619	4594	4898	4714	4869	4770	4783	4796	4706	4900	4840	4742	4756	4729	4593	4784	4741	2.3676	0.23112	0.87641	2.3676	0.64529	4.1825	44
4151	3742	4047	4138	4044	3829	4100	4229	4236	3908	4184	4102	4235	4267	4227	4193	4194	4271	4234	4192	4270	4150	3983	4228	3907	3741	4145	3740	3984	3985	4185	4101	4186	4230	3828	4226	4033	3736	4046	4191	1.3254	7.191	1.5239	1.3254	8.7149	51.598	41
3159	3355	1921	3455	2006	2623	3243	2622	2437	3643	2882	1836	2967	3646	3356	3548	2353	2172	2541	3553	3724	1920	3156	2974	3257	2530	2087	2444	3453	2438	2349	3449	2723	3154	3454	2262	2261	2634	2005	2802	13.648	2.9522	6.302	13.648	9.2542	30.7	47
4278	4365	3586	4201	4302	4305	4195	4239	4159	4272	3922	4059	4304	4312	4273	4120	4163	4332	4197	4160	4366	4274	4303	4238	4058	4204	4152	4196	4200	4106	4113	3845	4067	4240	4242	4199	4198	4004	4336	4206	4.3876	0.71684	1.1686	4.3876	1.8854	8.9969	35
264	190	431	389	462	225	361	267	332	211	383	439	296	290	366	191	438	263	406	479	368	172	367	241	285	384	342	336	360	171	337	388	343	390	320	485	242	506	437	335	5.5335	0.10842	2.5858	5.5335	2.6942	8.3207	30
1059	1270	1165	1376	1640	1261	1631	1014	1642	1712	1170	1788	1218	1641	1313	1013	1791	1120	1496	1575	1066	1709	1167	1067	1711	1070	1119	968	1206	1710	1154	1574	1259	1370	1637	1790	1016	1015	1207	1442	28.852	0.15667	8.2529	28.852	8.4096	36.72	39
2873	2952	2947	3961	2709	3045	2617	2706	2951	2705	3958	2949	2345	2788	3041	2704	3141	3882	2434	2619	3959	3238	2948	3239	2866	2708	2615	2525	3532	2786	2867	2957	2529	2621	2954	2616	3960	2787	3230	3885	47.575	4.8465	8.5798	47.575	13.426	115.03	30
4049	3362	3837	3989	3988	3919	2975	3754	3755	3917	3841	3171	2977	3071	3072	3669	3374	3172	3474	3918	2726	3840	3670	3839	4103	3756	3753	3576	3076	3266	3987	4048	3986	3164	3757	3069	3916	3575	3914	3673	13.603	0.32581	1.9957	13.603	2.3215	19.374	33
4515	4510	4573	4500	4586	4463	4468	4501	4442	4601	4655	4654	4367	4656	4657	4475	4514	4630	4633	4418	4470	4609	4679	4634	4631	4396	4419	4496	4454	4600	4443	4452	4313	4542	4602	4574	4627	4587	4560	4611	11.342	0.92414	3.7787	11.342	4.7028	32.869	29
4457	4382	4415	4461	4441	4459	4137	4387	4481	4462	4391	4410	4385	4223	4351	4417	4440	4416	4460	4301	4353	4439	4497	4414	4517	4438	4479	4499	4478	4477	4412	4480	4437	4388	4386	4498	4458	4298	4413	4436	9.4091	2.2657	3.9724	9.4091	6.2381	36.985	31
2223	2591	2310	2588	2670	2761	2577	2681	1879	1644	2590	2222	1885	1643	2046	2755	2499	2759	2214	2919	2498	2836	2500	1873	2314	2496	2839	2392	2495	2680	1713	2838	1714	1721	1576	2407	1715	2403	2485	2837	41.455	0.078764	8.9776	41.455	9.0564	65.27	26
2058	2327	2417	2509	2507	2228	2505	2416	1899	2418	2326	2323	1972	2322	2411	1649	2508	2595	2415	2235	2232	1580	2237	1803	2504	2227	2233	2226	2414	2599	2151	2148	2598	2328	2057	2324	2236	2150	2594	2596	26.961	0.66506	7.3383	26.961	8.0033	57.274	33
1364	1695	1485	1491	1938	1554	1622	1688	1420	1689	1369	1310	1361	1312	1307	1145	1770	1625	1306	1946	1308	1305	1199	1152	1252	1363	1859	1690	1250	1426	1249	1197	1488	1098	1253	1492	1198	1861	1304	1487	11.542	2.062	5.0539	11.542	7.1159	29.665	44
870	577	871	967	966	914	758	828	1003	958	868	640	579	912	615	826	647	786	1004	1000	755	748	791	785	608	717	787	1050	1049	1051	752	683	872	710	638	546	832	750	961	923	11.391	5.1986	3.9128	11.391	9.1114	26.979	21
2428	2248	2433	2341	2342	2243	2330	2344	1913	2157	2336	2334	1744	2084	1739	1667	2343	2159	2612	2251	2001	2252	2253	2335	2339	1821	2079	2254	2168	1601	1528	2165	2614	1405	2431	2246	2167	2166	2340	2519	19.132	0.77018	6.7264	19.132	7.4966	30.462	57
2917	3600	3500	3684	3284	3934	3291	3096	3939	3780	4009	3010	3395	3399	3394	3386	3865	3778	3199	3867	3770	3941	3866	3864	3383	3588	3384	3487	3398	2669	2907	2914	2835	4006	3202	3294	3782	4007	3783	3781	34.102	0.48617	5.7038	34.102	5.2176	41.712	36
2856	2601	2605	2696	2941	2518	2421	2512	2420	2857	2419	2600	3221	3032	2513	2611	3219	3120	2511	2690	2865	3122	2422	2510	2517	2702	2604	3419	2691	2773	3320	2779	2697	2692	2602	2423	2603	3421	2694	2859	22.872	0.81745	6.4964	22.872	7.3139	39.298	47
372	307	331	302	427	355	192	218	400	284	326	237	239	240	525	280	522	428	303	475	262	523	419	528	238	444	282	327	452	352	443	373	217	259	376	451	260	261	418	377	6.4788	3.3268	4.3483	6.4788	7.6751	17.128	50
