1934	2727	2178	2638	1932	2276	2273	2804	1757	2271	1544	2553	2269	2464	2724	2272	2094	2637	2640	2177	1848	1755	1843	2545	2458	2459	2270	1760	1922	1546	1837	2267	2457	2268	2181	1687	1479	2095	2014	2803	2456	1838	2725	2448	2104	2361	1924	2275	2363	2639	2182	2549	1685	2641	2365	2546	1414	1844	2364	1545	2362	2547	2548	2455	1478	2451	1923	2371	1849	1756	2174	2008	2266	2176	2646	1.8618	0.61472	3.0763	1.8618	3.691	2.1756	83
1337	2139	1802	1805	1975	2320	1888	1580	1390	1448	1803	1804	2410	1721	1279	1801	1519	1797	1723	1980	1886	1979	1880	1339	1456	1396	2313	1716	2408	1724	1715	1647	1650	1455	2051	1894	1589	2143	1336	2047	1395	1722	1796	1585	1972	1973	1879	2405	2411	1579	1443	2146	1515	2407	1454	1643	1651	1520	2224	1970	1810	1578	1656	2409	1883	2500	2061	1518	1887	1714	1971	1657	1652	1726	1965	0.82549	0.37479	8.4189	0.82549	8.7937	1.0023	53
4542	4770	4787	4791	4596	4685	4609	4549	4562	4707	4812	4849	4607	4735	4658	4899	4843	4568	4870	4570	4571	4551	4531	4740	4729	4660	4682	4793	4612	4457	4736	4734	4569	4684	4585	4481	4592	4550	4715	4731	4572	4593	4595	4620	4614	4739	4842	4548	4786	4900	4644	4633	4643	4822	4517	4594	4767	4765	4706	4661	4905	4686	4709	4898	4533	4567	4657	4610	4499	4761	4742	4867	4662	4532	4619	0.56558	0.16793	1.8243	0.56558	1.9923	0.69006	47
3728	4271	3555	4086	3741	3826	3742	4226	3554	3907	4236	4269	3650	3557	3739	3829	3828	3737	3827	3655	4194	4230	3647	3821	3356	3740	3825	3461	3561	3558	3738	4235	3657	3456	3457	3736	3656	4234	4087	3257	3815	3649	3822	4151	3360	3824	3823	3908	3652	3560	4046	3648	4227	3900	3906	4140	4193	3905	3820	4138	3896	3357	3898	4144	4030	3734	3654	3984	4139	3556	3729	3983	3458	4089	3969	0.8697	1.8174	11.321	0.8697	13.138	2.8981	84
53	47	96	182	134	237	49	36	191	241	211	10	199	225	127	163	164	101	136	87	79	82	169	240	17	33	179	172	131	145	183	222	56	9	48	35	171	102	230	34	103	229	58	128	111	132	205	83	178	190	81	144	148	231	4	60	86	130	250	151	218	57	168	16	46	70	153	22	162	113	154	184	73	238	150	0.13038	3.4553	2.5425	0.13038	5.9977	0.60395	69
2074	1350	2072	1351	1467	2238	2068	1349	1995	1669	1992	2158	1905	1463	1750	1185	2153	1601	1091	1397	2071	2157	1139	1911	2067	1472	2239	2330	1235	1352	2070	1829	2152	1910	2242	1749	1135	1136	1994	1347	2329	1412	1906	1993	1903	1536	1825	1670	1407	1186	1527	1238	1741	1346	1830	1243	1355	1909	2240	1748	1820	1290	1140	2331	1531	2151	2073	1471	1990	1409	1239	2422	1184	2237	1043	0.44658	0.26196	8.6737	0.44658	8.9357	0.61519	70
3529	3959	2608	3885	3431	2699	2708	2522	2709	1997	2075	2956	2429	2345	2078	2868	3235	2431	3721	3804	3531	2873	3048	1831	2711	3530	1912	3423	2783	1833	2791	1913	2161	2617	3626	2243	1998	2159	2515	3134	2434	2955	3238	1996	2344	1917	2076	2701	2863	2862	2782	3429	2712	2529	3958	2618	2339	3047	2162	2519	2247	3526	1832	4027	2615	3960	3236	2610	2706	2621	2077	3884	2249	3807	2784	0.9183	0.22611	10.912	0.9183	11.138	1.2386	56
3276	2659	2991	3278	3277	2898	2571	3283	2657	3377	3486	3857	2743	3288	3183	2822	2740	3385	3378	3773	3286	3387	3591	2745	3001	2992	3390	2900	3689	3082	2899	3772	3087	2662	2824	2738	2658	2997	3849	3181	3085	2664	3688	3930	2744	3180	3761	2821	3770	2819	2823	3686	3287	3587	2998	3491	3934	3096	3590	3676	3854	2562	3281	2901	2827	3376	3186	3855	2994	3383	2825	2896	2660	3593	3585	0.72943	0.24721	4.4622	0.72943	4.7094	0.83555	40
3913	3990	4152	3845	3991	3569	3750	3472	3914	3369	4048	4103	3572	4156	3469	3367	4155	3368	3915	4196	3468	3987	3470	3268	3168	3912	3270	3570	3986	3747	3365	3370	3265	4153	4055	3366	3267	4154	3568	4051	4108	4049	3754	3272	3372	3916	3834	3471	4104	4195	4107	3571	3836	3667	4050	3473	3753	3266	4105	3835	3668	3173	4052	3838	3989	3830	3172	3918	3751	3919	4106	3988	3264	3167	3917	0.39034	0.34766	1.5428	0.39034	1.8904	0.69507	40
4355	4263	3594	3942	4362	3401	4385	4261	4323	4414	3941	4356	4415	4298	4386	4433	4441	4009	4361	3497	3949	4411	4458	3863	4011	3939	4354	4383	4331	4082	4262	3500	4437	4265	3496	4416	4387	4438	4391	4434	3498	3778	4297	3858	4013	4325	3860	3937	3938	4412	4225	4461	4327	3495	4007	4127	4179	3598	4072	4440	4130	4137	4010	4294	4439	4417	4462	3940	3599	4022	4413	4384	4213	4408	3596	0.91756	0.51845	6.3742	0.91756	6.8926	1.2887	89
1182	1041	1229	904	949	1177	946	854	1038	992	903	820	862	1178	947	1230	898	1180	1175	902	861	819	780	856	993	948	705	779	1128	1080	905	816	1087	778	860	859	1223	1226	857	901	698	944	775	1231	945	950	994	995	1227	991	818	990	1176	899	703	996	1039	777	1228	742	1033	858	1133	900	1131	1040	1036	1179	1082	1034	1084	773	739	1130	1127	0.66012	0.41099	7.036	0.66012	7.447	1.1337	59
2541	2627	3355	3245	2259	3160	3351	1836	2715	2169	3256	3548	3645	3447	2005	3353	3253	2445	3454	1921	3064	2878	3157	3452	3453	3153	3061	3255	3446	3354	2716	3352	3634	3455	1920	3542	2172	2537	3062	2880	3346	3646	3551	2532	3345	2006	3242	3159	3348	3156	3553	2437	3442	3247	3154	2087	2622	2793	3449	2086	2623	3158	3252	3067	2255	2719	3545	3639	3254	3552	3727	3349	3155	3641	3640	0.4635	4.0163	9.4427	0.4635	13.459	1.6129	53
4392	4001	4241	4332	4251	3996	4348	4238	4363	4204	4239	4418	4393	4400	4164	4282	4465	4273	4281	4278	4274	4303	4006	4500	4122	4318	4333	4057	4247	4280	4364	4345	4341	4302	4493	4334	4246	4492	4162	4375	4201	4488	4208	4237	4310	4304	4275	4305	4289	4396	4205	4365	4157	4207	4160	4109	4056	4272	4240	4248	4335	4474	4171	4276	4370	4456	4066	4506	4399	4159	4200	4169	4111	4279	4158	0.6366	1.4507	2.664	0.6366	4.1148	1.1152	89
580	579	710	747	551	639	826	913	711	796	469	549	920	713	714	614	720	1006	677	962	641	794	678	788	581	1005	523	717	578	750	791	673	792	637	676	912	916	611	797	748	965	877	917	496	609	684	712	957	758	610	793	675	522	642	828	683	751	870	963	613	550	716	647	577	786	612	719	956	495	520	757	1101	643	645	638	0.54714	5.7353	3.844	0.54714	9.5793	1.528	62
288	399	400	691	497	453	283	485	587	374	562	524	554	526	274	289	402	398	326	470	424	375	337	449	502	615	431	411	295	397	552	270	376	282	498	273	313	316	656	484	528	265	625	352	350	444	527	586	389	539	507	311	412	540	410	685	688	281	617	425	471	373	458	525	500	305	344	486	377	319	529	476	582	588	427	0.25121	2.0631	3.2362	0.25121	5.2992	0.48226	67
3392	1794	2910	1964	2483	2295	2397	3199	2828	3200	3015	3005	3105	3395	2495	2752	3194	2490	3291	3197	3298	2665	2296	3109	3393	1877	2832	3205	3010	3292	2843	2393	2575	2909	3299	2497	1878	2919	1874	2039	2035	3106	1963	2669	2837	3012	3396	2918	3100	3296	2762	2391	2046	3104	3394	2214	2912	2482	3004	1875	3110	2831	2215	2751	3107	3007	3196	2836	2578	3002	2914	3293	2129	3195	1793	1.0242	0.61177	6.8486	1.0242	7.4603	1.2872	44
4677	4626	4856	4825	4727	4774	4771	4722	4721	4623	4746	4598	4597	4857	4648	4951	4720	4798	4674	4750	4772	4694	4826	4669	4668	4934	4949	4855	4803	4676	4696	4797	4747	4865	4719	4823	4675	4829	4959	4801	4937	4950	4828	4745	4755	4725	4939	4693	4743	4692	4624	4859	4695	4827	4701	4858	4773	4938	4702	4718	4896	4775	4673	4890	4854	4653	4728	4724	4918	4888	4800	4698	4920	4889	4777	0.32526	0.19994	2.3457	0.32526	2.5457	0.39425	72
1374	1713	1158	1262	1574	1104	1506	1564	1710	1497	1260	1792	1642	887	1565	844	1261	1708	803	1640	761	931	1437	923	886	1500	1566	1429	1639	1638	1315	1436	804	1057	924	1023	1570	1505	1313	1013	1641	1370	837	1384	1323	1712	1498	1440	1563	1709	1504	1711	977	1258	1320	1318	764	1572	1021	1502	1496	1568	1020	1637	838	1569	1431	929	1314	760	840	1571	1105	1430	1573	1.2011	0.36827	6.3854	1.2011	6.7537	1.7059	94
3123	3320	2850	3026	3216	2932	2504	2691	2323	3322	2592	2683	2503	3113	2593	2695	3121	2594	2778	3220	2682	3955	3225	3128	2506	2934	3122	2857	2696	3520	2514	3405	3030	3118	3618	3318	3314	3716	2767	3420	2772	3876	2764	2931	2502	2602	2412	2684	2505	2603	3715	2859	3877	2685	3803	2938	3126	2939	3029	2413	3802	3801	3217	3798	3800	3799	2930	2851	3712	2598	3027	3315	2690	3790	3214	0.61617	0.075095	7.7875	0.61617	7.8626	0.78672	51
1559	2031	1369	1494	2033	1422	1420	1485	2471	2204	1632	1198	1251	1199	1428	1860	1421	1952	2110	1616	1562	1698	1697	1489	1866	1203	2194	2294	1255	1700	2288	1250	1148	2020	1785	2201	1362	1629	1364	1197	2196	1626	1780	1491	2118	1252	1368	2113	1553	1200	1306	1557	2378	1196	1367	1311	1561	1778	1631	1424	2119	1149	1868	1307	1493	1256	1558	1627	1630	1427	1253	1492	2381	1939	1309	0.83937	1.8169	5.3419	0.83937	7.1588	1.911	44
