,10 years,20 years,30 years,40 years,50 years,91 years
1992,0.02235585495403004,0.0497195661710834,0.029683479633464273,0.04825331186567826,0.039305856200962566,0.03852661485607208
1993,0.021203498309300146,0.027883686771230924,0.03779665066707777,0.024656990276901894,0.019273187726862196,0.02371920961441024
1994,0.09758579023676638,0.06375893347419952,0.08775847319980824,0.07079664155453831,0.08065051000802739,0.08797423740283347
1995,0.03789357841354446,0.05232727340879243,0.061927603754482356,0.046119162517290355,0.04558869585421902,0.04699408118119092
1996,0.0050309584329078574,0.008423073039272295,0.0034538083063946254,0.00012477465567155345,0.0010541152090797156,0.007673318954890273
1997,0.0012935555351736214,0.007672717590171111,0.004756935609997044,0.009078018009449695,0.00733853885207118,0.005179995160040137
1998,0.044817751178895845,0.03847048491773252,0.0405282612126614,0.03876769403139632,0.042122544534304605,0.036557117111879596
1999,0.06415011964636937,0.07225007743782598,0.06997328843998919,0.07040059979739316,0.0633954203213918,0.07798942192671186
2000,0.0873636488722837,0.10421112300736944,0.09393595558485852,0.09320244450633842,0.09039256780386239,0.10493971906215048
2001,0.06066586155517304,0.08383684587737371,0.0617347671216105,0.07784814175598856,0.07365213797320881,0.0642024006549907
2002,0.2294133318319853,0.21890420950527767,0.21871089000673427,0.21780457840371328,0.22407826985666024,0.22297300806008558
2003,0.041167281808463546,0.033758343075828534,0.040211477399209036,0.042813800018505314,0.040175535068772715,0.04356056331596368
2004,0.10574351146544801,0.11145736118559685,0.1234673040460674,0.10531556265496822,0.10145999471482038,0.13484967743273746
2005,0.04711516125528744,0.058237795971447924,0.06706352168600622,0.06508831645107048,0.056340559458494116,0.0693703805463254
2006,0.042667445396030866,0.023316755859189138,0.02480287769919888,0.03405561228880436,0.036937966708133076,0.02622166334526584
2007,0.10104389936521743,0.06415173945272169,0.06270998089204616,0.07310599741032031,0.08619746348759909,0.06180257317853302
2008,0.025994012636676903,0.015918441147129994,0.00774048748163042,0.02506879730474964,0.02269627062345079,0.003863763992785669
2009,0.18900546921073383,0.1924655488018584,0.18399143212868127,0.19133260161532137,0.19043732703354452,0.18563028920597202
2010,0.04760165498176993,0.044198588968111095,0.05041471293549833,0.04997244015864099,0.04804965008230566,0.050086749680489207
2011,0.06712432606548646,0.04582233906407159,0.051507710486202424,0.06023063634160578,0.061654325341018994,0.058681262594204364
2012,0.04061041765025708,0.01862653376359617,0.03865433225310858,0.009182291679675953,0.023672715900620332,0.04034894274156956
2013,0.09433535632288023,0.05432517855363889,0.06669880793842513,0.06372821675506034,0.07872657932242799,0.07376235093075055
2014,0.10037503716841636,0.09653261079927408,0.10187655192426814,0.09553665885095985,0.09961583394204371,0.10350669925336706
