,10 years,20 years,30 years,40 years,50 years,60 years,70 years,80 years,91 years
0,1.02941880,1.76844110,1.75208500,1.92948550,1.76946990,1.73653160,1.63328350,1.71032340,1.93435190
1,1.30640100,2.08068760,1.76964070,2.14923510,1.93228850,1.82533710,1.73968820,1.89947070,2.12542000
2,1.46018500,2.26022940,2.08919170,2.20283330,2.32546370,2.25804950,2.31287770,2.38033360,2.61480120
3,1.48941500,2.10449280,1.85430020,2.12994420,2.18117870,2.00257140,1.99332090,2.26152340,2.54171930
4,1.08758340,2.04090340,1.73562990,2.14148010,2.30932030,1.84581690,1.79560070,1.98945360,2.38581090
5,1.11706290,1.85143490,1.50308360,1.74484010,1.92231860,1.48198080,1.33452660,1.67381960,2.22217270
6,1.61433930,2.35500970,1.91884130,2.45731520,2.49147960,2.25953550,2.03718520,2.35031920,2.58537300
7,0.74600691,2.17066990,1.55134490,1.85712820,2.18233230,1.89262930,1.77970140,1.97549910,2.02914720
8,1.08353790,1.94760980,1.62550690,1.89486190,1.80119410,1.75183220,1.80853580,1.85961430,1.96066590
9,1.11305510,1.77729110,1.65409760,1.78709460,1.65485080,1.50507390,1.52505000,1.70814720,1.95637500
10,0.78950254,1.65568060,1.32847020,1.48195260,1.25263240,1.20707160,1.16334120,1.36108770,1.68347070
11,1.45483820,2.41493020,2.22309180,2.40312600,2.48034440,2.22477960,2.10180640,2.36951910,2.66150860
12,1.28950160,2.22963570,1.70648980,2.04711360,1.89694540,1.61178080,1.73095440,1.69884670,1.60228620
13,0.75009819,1.51555220,0.81882034,1.06702470,1.12072260,0.78062494,1.09745570,1.31691320,1.97353390
14,1.11347250,2.27312910,1.67685180,2.16519710,2.18543580,1.74721940,1.58467820,1.77815960,2.00469970
15,1.22025520,2.25688310,1.57288420,2.10826520,2.28227130,1.87980590,1.86813740,1.93904610,1.83880730
16,1.60606600,2.35168700,1.69712160,2.15093370,2.32922920,1.81564070,1.79989860,1.86833690,1.73250160
17,0.97885476,1.39086310,1.12468490,1.50680760,1.28378440,1.44352210,1.36395240,1.47249710,1.67768050
18,1.47061990,2.30751870,2.17316530,2.23981170,2.28351240,2.29842230,2.34624340,2.42164650,2.45739570
19,0.86625934,2.05508970,1.65271740,1.57316710,1.92772520,1.81803910,1.86423940,1.65327590,1.65893820
20,0.95200766,2.26870540,1.28238800,1.38801740,1.76321420,1.31822110,1.78572340,1.41763200,1.54805450
21,1.13286650,2.04557790,2.00133820,2.04211050,2.30733270,2.37747200,2.37181350,2.41642070,2.20092670
22,1.01459040,1.64287100,1.32843200,1.47641030,1.48586810,1.51570930,1.66613230,1.70225660,1.46128890
