,10 years,20 years,30 years,40 years,50 years,60 years,70 years,80 years,91 years
0,1.47633255,2.29334593,2.10976982,2.28965712,2.19004869,2.04495263,2.13189197,2.16365051,2.23208928
1,1.46787131,2.20335412,1.92421663,2.25086308,2.14518309,2.04495263,2.13189197,2.25870371,2.54213667
2,1.30969214,2.16373014,1.88960171,2.20966649,2.12783790,2.04495263,2.13189197,2.26353264,2.57302952
3,1.45870817,2.14151025,1.88318479,2.22658324,2.15379477,2.04495263,2.13189197,2.18447590,2.24258566
4,1.44838357,2.28853178,2.03203058,2.27367854,2.23611093,2.04495263,2.13189173,2.13400865,1.92925406
5,1.46169496,2.21628356,1.91637361,2.23000622,2.17782235,2.04495263,2.13189149,2.24680781,2.15490389
6,1.45588899,2.27431631,1.97564197,2.27724242,2.21359873,2.04495263,2.13189197,2.11680555,2.08173895
7,1.47633255,2.49485731,2.13421750,2.29879212,2.29127645,2.04495025,2.13189244,1.99600530,1.79270554
8,1.40308487,2.48520184,2.22099876,2.32223344,2.25332713,2.04495049,2.13189197,1.99503350,1.67538023
9,1.46570957,2.37673092,2.15406156,2.29561758,2.20906925,2.04495263,2.13189197,2.08424211,1.98443806
10,1.28563213,2.60659313,2.36796069,2.35668111,2.28423405,2.04495025,2.13189077,1.90497065,1.23985350
11,1.46787131,2.31010699,2.09602451,2.26601481,2.21417546,2.04495263,2.13189197,2.14057803,2.03997660
12,1.28563213,2.60463381,2.32062578,2.35175371,2.28211617,2.04495025,2.13189173,1.99832654,1.89822531
13,1.24009573,1.90694904,1.45765305,2.06653976,1.95012355,2.04495215,2.13189149,2.63077831,3.14521837
14,1.30969214,2.28750730,1.92724144,2.24355435,2.16628289,2.04495239,2.13189149,2.35024762,2.68045545
15,1.24009573,2.16229224,1.76959634,2.19495487,2.11196399,2.04495215,2.13189149,2.40579534,3.22716761
16,1.47563744,2.33733344,1.98491883,2.25073910,2.21096539,2.04495263,2.13189197,2.26314092,2.80777311
17,1.28563213,2.46094441,2.22055864,2.34271717,2.26031327,2.04495025,2.13189077,1.93429732,1.45127964
18,1.46169496,2.23996854,2.04491282,2.23685765,2.16806746,2.04495263,2.13189220,2.14705992,2.32855392
19,1.24009573,2.14265752,1.83627152,2.13839293,2.08577347,2.04495215,2.13189149,2.50279498,3.40382695
20,1.45064890,2.39946342,1.94863689,2.18349957,2.17029476,2.04495263,2.13189220,2.30761886,2.64465189
21,1.24009573,2.11412740,1.92571807,2.19647169,2.12797022,2.04495263,2.13189197,2.21580720,2.87320423
22,1.40308487,2.35621357,2.12255931,2.26893425,2.20702863,2.04495263,2.13189197,2.02954459,2.26167274
