,10 years,20 years,30 years,40 years,50 years,60 years,70 years,80 years,91 years
0,1.20894349,1.59378660,1.60054195,1.57375681,1.58762574,1.45932794,1.53145242,1.58719003,1.43688440
1,1.20894361,1.59378636,1.54956925,1.51533961,1.58762562,1.45932794,1.53145242,1.64602554,1.88461995
2,1.20894349,1.59378636,1.54956925,1.51533961,1.58762562,1.45932794,1.53145266,1.69752657,1.80702305
3,1.20894361,1.59378636,1.54956925,1.51533961,1.58762574,1.45932794,1.53145242,1.70359361,1.66338980
4,1.20894361,1.59378648,1.60054195,1.57375681,1.58762562,1.45932794,1.53145254,1.54799592,1.14518440
5,1.20894361,1.59378636,1.60054195,1.51533961,1.58762574,1.45932794,1.53145254,1.67522109,1.56613243
6,1.20894361,1.59378624,1.60054195,1.57375681,1.58762574,1.45932853,1.53145266,1.60762072,1.42540896
7,1.20894349,1.59378707,1.60054195,1.57375681,1.58762562,1.45932794,1.53145134,1.38567519,1.00027514
8,1.20894265,1.59378660,1.60054195,1.53770459,1.58762538,1.45932794,1.53145123,1.21034718,0.93283856
9,1.20894468,1.59378719,1.60054195,1.57375681,1.58762562,1.45932794,1.53145242,1.38567519,1.06467533
10,1.20894325,1.59378612,1.52129221,1.47545516,1.58762503,1.45932674,1.53145123,1.21034718,0.67916852
11,1.20894349,1.59378648,1.60054195,1.57375681,1.58762574,1.45932853,1.53145266,1.61367393,1.49810851
12,1.20894349,1.59378636,1.52129221,1.47545516,1.58762503,1.45932782,1.53145123,1.23546660,1.03497088
13,1.20894349,1.59378624,1.54956925,1.50381184,1.58762562,1.45932794,1.53145242,1.60874772,2.61293077
14,1.20894349,1.59378636,1.60054195,1.51533961,1.58762574,1.45932794,1.53145242,1.57972002,2.09149742
15,1.20894349,1.59378624,1.54956925,1.50381184,1.58762562,1.45932794,1.53145242,1.60874772,2.38954663
16,1.20894361,1.59378636,1.60054195,1.57375681,1.58762574,1.45932794,1.53145242,1.69752657,1.97542262
17,1.20894325,1.59378612,1.56606352,1.47545516,1.58762503,1.45932674,1.53145123,1.18274796,0.69933432
18,1.20894361,1.59378660,1.60054195,1.57375681,1.58762574,1.45932794,1.53145242,1.67972839,1.59524179
19,1.20894241,1.59378624,1.54956925,1.50381184,1.58762562,1.45932794,1.53145242,1.60874772,2.39143157
20,1.20894361,1.59378636,1.60054195,1.51533961,1.58762574,1.45932794,1.53145254,1.50893593,1.62050867
21,1.20894241,1.59378636,1.60054195,1.57375681,1.58762574,1.45932806,1.53145266,1.54398417,1.87038851
22,1.20894349,1.59378695,1.60054195,1.53770459,1.58762562,1.45932794,1.53145123,1.56437147,1.35472739
