,10 years,20 years,30 years,40 years,50 years,60 years,70 years,80 years,91 years
0,1.52083385,1.96737742,1.97924757,1.95409036,2.44600415,1.90670192,1.89459395,1.95143819,1.74709177
1,1.52083385,1.62395597,1.88040757,1.95408976,1.87699032,1.89310253,1.89459383,1.93028188,2.25094867
2,1.52083385,1.73720610,1.87871361,1.95408833,1.87699032,1.91547930,1.89459419,1.95676601,2.06108212
3,1.52083385,1.62395597,1.85516226,1.95408833,1.87699032,1.91052246,1.89459383,1.96882212,2.04028177
4,1.52083385,1.87697840,1.94166350,1.95408976,2.19417763,1.91676867,1.89459419,1.91808367,1.72619152
5,1.52083385,1.62395597,1.86131120,1.95408833,1.87699032,1.89310253,1.89459372,1.96882212,1.90686083
6,1.52083385,1.73720610,1.93258238,1.95408964,1.87699032,1.87380540,1.89459419,1.92084587,1.83577132
7,1.52083385,2.13095880,1.96905816,1.95409024,2.20967865,1.88252330,1.89459372,1.69710481,1.60983992
8,1.52083385,2.13095880,2.02495718,1.95408988,2.18656015,1.89544404,1.89459312,1.54541576,1.32160354
9,1.52083385,2.03270268,2.00344539,1.95409024,2.36042953,1.92515850,1.89459395,1.69710481,1.54022849
10,1.52083385,2.11867785,2.07946014,1.95408809,1.90937948,1.85516918,1.89459288,1.54541576,1.04500222
11,1.52083385,1.73720610,1.92839468,1.95409036,2.44600415,1.91676867,1.89459419,1.94499576,1.84936309
12,1.52083385,2.13095880,2.07242250,1.95408809,1.90937948,1.85516918,1.89459300,1.62002504,1.48712170
13,1.52083385,1.62395597,1.59462023,1.95408845,1.87699032,1.88112724,1.89459372,1.93028188,3.24731374
14,1.52083385,1.62395597,1.87937415,1.95408833,1.87699032,1.89310253,1.89459372,1.93028188,2.38067460
15,1.52083385,1.62395597,1.78518569,1.95408869,1.87699032,1.88112724,1.89459372,1.93028188,2.87745762
16,1.52083385,1.73720610,1.92185497,1.95408976,2.44600415,1.91052246,1.89459372,1.99585295,2.40423751
17,1.52083385,2.25326872,2.04775381,1.95408809,1.86245728,1.85516918,1.89459288,1.54541576,1.10241830
18,1.52083385,1.73720610,1.95069897,1.95408976,1.87699032,1.92104006,1.89459419,1.94499576,1.96469784
19,1.52083385,1.62395597,1.83643794,1.95408845,1.87699032,1.88112724,1.89459372,1.93028188,3.00100517
20,1.52083385,1.73720610,1.86921763,1.95408833,1.87699032,1.91052246,1.89459419,1.92536008,2.18157315
21,1.52083385,1.73720610,1.87476218,1.95408833,1.87699032,1.89310253,1.89459383,1.96882212,2.45433331
22,1.52083385,2.03270268,1.97591257,1.95409036,2.36042953,1.89544404,1.89459407,1.82212102,1.87894356
