,10 years,20 years,30 years,40 years,50 years,60 years,70 years,80 years,91 years
0,1.52924323,1.83493304,1.80514920,2.30637789,1.84979963,1.72178566,1.72022986,1.76947594,1.59024155
1,1.52924323,1.77126098,1.77637827,1.30908811,1.68082798,1.72178555,1.72022986,2.27483201,2.08249998
2,1.45402026,1.77136278,1.77572107,1.71793842,1.68082798,1.72178566,1.72022998,2.17672777,1.99141181
3,1.52924323,1.76462579,1.77778935,1.30908811,1.72870457,1.72178566,1.72022986,1.99461865,1.83832824
4,1.30932474,1.83815110,1.80184376,1.55353677,1.84979963,1.72178566,1.72022986,1.89093029,1.55165720
5,1.52924323,1.80599618,1.78290582,1.30908811,1.72870457,1.72178555,1.72022986,1.99461865,1.96157777
6,1.52924323,1.83041561,1.79034054,2.03034878,1.77017915,1.72178578,1.72022998,1.76947594,1.64856672
7,1.52924323,1.92950273,1.81130397,1.90106392,1.70610631,1.72178555,1.72022986,1.42431760,1.37439764
8,1.19064903,1.92069602,1.82420838,1.90106392,1.78539228,1.72178531,1.72022974,1.15994585,1.17089081
9,1.19064903,1.88388455,1.82280457,2.07540083,1.84979963,1.72178566,1.72022986,1.32680178,1.31569672
10,1.33794129,1.98629510,1.84759057,1.36539829,1.65024698,1.72178447,1.72022867,1.07056677,0.77071452
11,1.52924323,1.84709120,1.80276966,2.03034878,1.77017915,1.72178602,1.72023082,1.76947594,1.78417718
12,1.33794129,1.92472529,1.84434891,1.36539829,1.63393152,1.72178531,1.72022986,1.15994585,1.27863085
13,1.45402026,1.71291339,1.70887852,1.52357411,1.68082798,1.72178555,1.72022986,2.27483201,2.79833364
14,1.45402026,1.80471683,1.79402900,1.71732175,1.77017915,1.72178555,1.72022986,2.27483201,2.12391210
15,1.45402026,1.73479581,1.76161957,1.65686047,1.68082798,1.72178555,1.72022986,2.27483201,2.69785857
16,1.52924323,1.81444860,1.79453325,2.03034878,1.78757501,1.72178566,1.72022986,2.27483201,2.17137098
17,1.33794129,1.94842660,1.83318496,1.36539829,1.63393152,1.72178447,1.72022867,1.07056677,0.95301569
18,1.52924323,1.83637965,1.81325161,2.03034878,1.77017915,1.72178578,1.72022986,1.96920848,1.71345699
19,1.45402026,1.74004292,1.76965785,1.52357411,1.68082798,1.72178555,1.72022986,2.27483201,2.74097157
20,1.52924323,1.85303807,1.79059505,1.71732175,1.84979963,1.72178590,1.72022986,1.99461865,1.94013906
21,1.45402026,1.77266157,1.79392719,2.07155061,1.68082798,1.72178566,1.72023082,2.11000180,2.18944597
22,1.19064903,1.87767625,1.81803727,2.07540083,1.84979963,1.72178566,1.72022986,1.32680178,1.63608432
