,10 years,20 years,30 years,40 years,50 years,60 years,70 years,80 years,91 years
0,7.12760115,7.44136143,7.38568592,7.34713984,7.28490639,7.11195040,7.16186953,7.19762230,7.29889536
1,7.12760115,7.44439793,7.38938236,7.34946012,7.28490639,7.11195040,7.16186953,7.19859505,7.30288315
2,7.12760115,7.44743443,7.39307833,7.35178041,7.28490639,7.11195040,7.16186953,7.19956779,7.30687094
3,7.12760115,7.45047092,7.39677477,7.35410070,7.28490639,7.11195040,7.16186953,7.20054054,7.31085873
4,7.12760115,7.45350742,7.40047121,7.35642099,7.28490639,7.11195040,7.16186953,7.20151329,7.31484699
5,7.12760115,7.45654392,7.40416765,7.35874176,7.28490639,7.11195040,7.16186953,7.20248604,7.31883478
6,7.12760115,7.45958042,7.40786409,7.36106205,7.28490639,7.11195040,7.16186953,7.20345879,7.32282257
7,7.12760115,7.46261692,7.41156006,7.36338234,7.28490639,7.11195040,7.16186953,7.20443153,7.32681036
8,7.12760115,7.46565342,7.41525650,7.36570263,7.28490639,7.11195040,7.16186953,7.20540428,7.33079815
9,7.12760115,7.46868992,7.41895294,7.36802292,7.28490639,7.11195040,7.16186953,7.20637703,7.33478642
10,7.12760115,7.47172642,7.42264938,7.37034321,7.28490639,7.11195040,7.16186953,7.20734978,7.33877420
11,7.12760115,7.47476292,7.42634583,7.37266350,7.28490639,7.11195040,7.16186953,7.20832253,7.34276199
12,7.12760115,7.47779942,7.43004227,7.37498379,7.28490639,7.11195040,7.16186953,7.20929527,7.34674978
13,7.12760115,7.48083591,7.43373823,7.37730408,7.28490639,7.11195040,7.16186953,7.21026802,7.35073805
14,7.12760115,7.48387241,7.43743467,7.37962484,7.28490639,7.11195040,7.16186953,7.21124077,7.35472584
15,7.12760115,7.48690891,7.44113111,7.38194513,7.28490639,7.11195040,7.16186953,7.21221352,7.35871363
16,7.12760115,7.48994541,7.44482756,7.38426542,7.28490639,7.11195040,7.16186953,7.21318579,7.36270142
17,7.12760115,7.49298191,7.44852400,7.38658571,7.28490639,7.11195040,7.16186953,7.21415854,7.36668968
18,7.12760115,7.49601793,7.45221996,7.38890600,7.28490639,7.11195040,7.16186953,7.21513128,7.37067747
19,7.12760115,7.49905443,7.45591640,7.39122629,7.28490639,7.11195040,7.16186953,7.21610403,7.37466526
20,7.12760115,7.50209093,7.45961285,7.39354658,7.28490639,7.11195040,7.16186953,7.21707678,7.37865305
21,7.12760115,7.50512743,7.46330929,7.39586687,7.28490639,7.11195040,7.16186953,7.21804953,7.38264084
22,7.12760115,7.50816393,7.46700573,7.39818716,7.28490639,7.11195040,7.16186953,7.21902227,7.38662910
