,10 years,20 years,30 years,40 years,50 years,60 years,70 years,80 years,91 years
0,7.11554525,7.48404672,7.17927807,7.18956396,7.82725925,7.11278832,7.20376015,7.28600219,6.86513977
1,7.23021105,7.50480077,7.53785617,7.59045736,7.59343062,7.50481183,7.54918493,7.70096408,7.78385847
2,7.67432275,7.59152240,7.54400201,7.75288243,7.64656652,7.42808260,7.42920539,7.59227631,7.43766112
3,7.30805145,7.70682887,7.62944286,7.69597433,7.55588202,7.39713846,7.51813273,7.58478872,7.39973437
4,7.36004535,7.43546370,7.31562790,7.31478926,7.50947513,7.26485677,7.25243019,7.16729417,6.82703082
5,7.37600265,7.48954637,7.60713530,7.65601453,7.53487562,7.48792763,7.64783252,7.57306532,7.15645823
6,7.33743405,7.48441900,7.34857338,7.26140114,7.31209162,7.10033730,7.32144559,7.28890657,7.02683562
7,7.06672335,7.20095680,7.21624386,7.01910214,7.31012565,6.87051410,6.97786582,6.69113081,6.61487852
8,6.81395035,7.18949440,7.01344948,6.88593348,7.41979185,6.95436334,6.85882232,6.38963266,6.08931634
9,6.89241995,7.35661318,7.09149159,7.06450424,7.63044903,7.05491210,7.05234675,6.70904801,6.48795099
10,6.27421825,6.87046095,6.81572054,6.55667699,6.71748598,6.60264818,6.69890628,6.29043106,5.58496922
11,7.30979005,7.31764420,7.36376548,7.23924526,7.83780125,7.29321007,7.33700539,7.32573286,7.05161849
12,6.61402665,7.20135230,6.84125160,6.73834749,6.72949578,6.63208288,6.80567940,6.49735574,6.39111760
13,8.09513905,8.28230847,8.57465453,8.37689525,8.51873272,8.61058354,8.62914302,8.68140948,9.60060294
14,7.69177175,7.51404607,7.54160565,7.62421903,7.45159532,7.57126343,7.85292302,7.70209808,8.02039710
15,7.87055555,7.76445637,7.88330859,7.89685509,7.82993102,7.74588914,7.93249192,7.99192138,8.92621742
16,7.09284235,7.43631050,7.38749067,7.49304576,7.79427605,7.34331026,7.67057092,7.67832455,8.06336111
17,6.25547135,7.21092572,6.93074631,6.70910739,6.73349068,6.39405378,6.57401778,6.22983016,5.68966010
18,7.35610205,7.30799600,7.28284847,7.35760866,7.50606662,7.16423136,7.23529639,7.31826816,7.26191664
19,8.17365905,7.88377147,7.69737224,8.18095865,7.87614832,7.78735364,7.98180232,7.99624038,9.15149057
20,7.18483455,7.33355640,7.57845193,7.79923203,7.31114412,7.36996496,7.30796039,7.41058378,7.65736115
21,8.02546215,7.57914500,7.55833698,7.70944773,7.69483892,7.52318483,7.57157923,7.59368102,8.15470431
22,6.84685895,7.41892248,7.19137677,7.10558156,7.64561533,6.95351204,7.11693507,6.99042492,7.10555466
