,10 years,20 years,30 years,40 years,50 years,60 years,70 years,80 years,91 years
0,5.59471140,5.51666930,5.20003050,5.23547360,5.38125510,5.20608640,5.30916620,5.33456400,5.11804800
1,5.70937720,5.88084480,5.65744860,5.63636760,5.71644030,5.61170930,5.65459110,5.77068220,5.53290980
2,6.15348890,5.85431630,5.66528840,5.79879410,5.76957620,5.51260330,5.53461120,5.63551030,5.37657900
3,5.78721760,6.08287290,5.77428060,5.74188600,5.67889170,5.48661600,5.62353890,5.61596660,5.35945260
4,5.83921150,5.55848530,5.37396440,5.36069950,5.31529750,5.34808810,5.35783600,5.24921050,5.10083930
5,5.85516880,5.86559040,5.74582410,5.70192620,5.65788530,5.59482510,5.75323880,5.60424320,5.24959740
6,5.81660020,5.74721290,5.41599100,5.30731150,5.43510130,5.22653190,5.42685140,5.36806070,5.19106430
7,5.54588950,5.06999800,5.24718570,5.06501190,5.10044700,4.98799080,5.08327210,4.99402600,5.00503860
8,5.29311650,5.05853560,4.98849230,4.93184360,5.23323170,5.05891930,4.96422920,4.84421690,4.76771280
9,5.37158610,5.32391050,5.08804620,5.11041400,5.27001950,5.12975360,5.15775280,5.01194320,4.94772250
10,4.75338440,4.75178310,4.73626040,4.60258890,4.80810650,4.74747900,4.80431340,4.74501530,4.53996700
11,5.78895620,5.58043810,5.43537080,5.28515490,5.39179710,5.37644140,5.44241120,5.38073710,5.20225540
12,5.09319280,5.07039350,4.76882910,4.78425940,4.82011630,4.77691370,4.91108640,4.87733070,4.90399590
13,6.57430520,6.65835250,6.98003430,6.42280680,6.64174240,6.72945630,6.73454930,6.75112760,6.35328920
14,6.17093790,5.89009010,5.66223150,5.67013070,5.57460500,5.67816090,5.95832930,5.77181620,5.63972250
15,6.34972170,6.14050040,6.09812290,5.94276640,5.95294070,5.86476190,6.03789820,6.06163950,6.04875980
16,5.57200850,5.69910440,5.46563570,5.53895600,5.34827190,5.43278780,5.77597720,5.68247160,5.65912360
17,4.73463750,4.95765700,4.88299250,4.75501930,4.87103340,4.53888460,4.67942490,4.68441440,4.58724180
18,5.83526820,5.57078990,5.33214950,5.40351890,5.62907630,5.24319130,5.34070220,5.37327240,5.29721880
19,6.65282520,6.25981550,5.86093430,6.22687020,5.99915800,5.90622640,6.08720860,6.06595850,6.15048540
20,5.66400070,5.59635030,5.70923430,5.84514370,5.43415380,5.45944250,5.41336620,5.48522370,5.47578800
21,6.50462830,5.84193890,5.68357480,5.75535940,5.81784860,5.63008230,5.67698540,5.62485890,5.70037100
22,5.32602510,5.38621980,5.21546420,5.15149120,5.28518580,5.05806800,5.22234100,5.16830390,5.22661110
