,10 years,20 years,30 years,40 years,50 years,60 years,70 years,80 years,91 years
0,5.93413780,5.18228740,5.20373590,4.93798260,5.16790820,5.04521610,5.17456390,5.10478880,4.93901070
1,5.96831590,5.42684830,5.67447910,5.23268190,5.42075560,5.37030660,5.50017740,5.35330370,5.18795300
2,6.43072340,5.53453060,5.76229600,5.54563350,5.51850770,5.47136800,5.43580520,5.36592830,5.21275740
3,5.90968880,5.59491500,5.77857560,5.41712460,5.37222340,5.35047850,5.42684980,5.15923600,4.94743850
4,6.06790490,5.19537030,5.40095790,5.05936350,4.90831730,5.13123620,5.23978350,5.02729070,4.69585940
5,6.01281120,5.39171170,5.69437640,5.39112270,5.23681190,5.46330910,5.66095440,5.32220170,4.87703730
6,5.83820960,5.23400210,5.54401430,5.03229040,5.03518810,4.98016620,5.28355890,4.98231380,4.81829200
7,5.94374440,4.63466190,5.14171320,4.86858880,4.59742210,4.74730050,4.90211620,4.66648360,4.58622230
8,5.46420300,4.66090150,4.92155160,4.69051640,4.81129200,4.76939150,4.73582170,4.66394290,4.49201980
9,5.59974440,4.95568090,5.09136900,4.89270330,5.06071510,5.04560940,5.05763830,4.89717710,4.74016750
10,5.00055980,4.33100940,4.54871330,4.42883360,4.63711060,4.51072700,4.61581610,4.42847540,4.14232820
11,5.96974470,5.13673750,5.23860750,5.11758140,5.03193710,5.13991000,5.31037800,5.04446640,4.78476040
12,5.14672170,4.33633390,4.66880060,4.46626480,4.64904660,4.73794900,4.67440610,4.67255240,4.67094580
13,6.72227930,6.23235710,6.85813700,6.63289970,6.52004700,6.82603560,6.54716050,6.32608500,5.67217720
14,6.32256770,5.19815440,5.66680520,5.28820270,5.30184460,5.62850860,5.81100180,5.59264330,5.29901140
15,6.69550290,5.53843800,6.06674620,5.65739150,5.60796810,5.80575850,5.83806690,5.73787140,5.73797570
16,5.70296190,5.06274740,5.52047940,5.23362360,5.05002910,5.41692720,5.45734100,5.36490450,5.40123680
17,5.00805340,4.72682290,4.92266780,4.53491010,4.77192020,4.48431880,4.60184540,4.50514930,4.31208570
18,6.00513310,5.32734560,5.36827660,5.33907420,5.29178670,5.12749520,5.12221060,5.06141290,5.01646380
19,6.76453010,5.59179720,5.89759300,6.08706410,5.75556880,5.85181150,5.80632190,5.99147510,5.87981840
20,5.88932230,4.89390360,5.61252550,5.74441160,5.27923550,5.57025200,5.16042630,5.48119110,5.27026420
21,6.72600770,5.66933030,5.67066970,5.64586770,5.51776150,5.25550810,5.29798100,5.24115120,5.45377250
22,5.45694660,5.01143870,5.17128950,5.09540500,5.07221460,4.87873750,4.76047240,4.75417160,4.96276390
