,10 years,20 years,30 years,40 years,50 years,60 years,70 years,80 years,91 years
0,5.61280240,5.64266510,5.47376960,5.38613920,5.48704420,5.39092570,5.34670290,5.34092870,5.19437320
1,5.82905580,6.01496370,5.93297280,5.87294470,5.96553050,5.86294480,5.82034500,5.79101750,5.59677470
2,6.30905950,6.01436800,5.94346230,6.01208040,5.93783160,5.74148920,5.63050710,5.57779370,5.52231390
3,5.90337060,6.05376060,5.91045090,5.90042110,5.84237060,5.78758800,5.88382080,5.50731930,5.39717420
4,5.94999970,5.62384860,5.52652720,5.52848340,5.45093380,5.40814350,5.56938010,5.31586790,5.16283200
5,5.82511560,5.81186270,5.82878850,5.89607120,5.78732010,5.83358870,5.93485290,5.54253010,5.49792570
6,5.77904740,5.66907930,5.71012540,5.55274620,5.62950130,5.44280520,5.49692170,5.35364050,5.24205170
7,5.60792690,5.08970470,5.37553540,5.11709310,5.14332660,5.09492510,5.20923920,5.04039540,5.01792940
8,5.30198330,5.14119860,5.16957300,5.11787450,5.28057740,5.00281880,5.04254570,4.92895920,4.85157070
9,5.36431840,5.35643940,5.19198010,5.27415420,5.46850820,5.27176050,5.27503860,5.06807350,4.96994380
10,4.84340540,4.75763260,4.79637800,4.78820650,5.04934480,4.86978890,4.80497720,4.72846780,4.52444260
11,5.80923800,5.57157490,5.51174860,5.56047880,5.61986990,5.56602850,5.68113490,5.35291490,5.35290780
12,5.12431290,5.11763890,4.84811720,4.92126360,4.98172230,5.01152150,5.11807670,4.96390710,4.93964390
13,6.42341440,6.35612900,7.01031330,6.65181670,6.79314080,6.84009090,6.74248950,6.70810800,6.18194030
14,6.33992730,5.81934300,5.65125640,5.81365090,5.67161700,5.94075530,6.02364210,5.96743790,5.63062760
15,6.48857340,6.22817990,6.16853090,6.10538150,6.17021830,6.19398990,6.23872860,6.18813690,6.09980590
16,5.77525790,5.76244000,5.64320760,5.64043970,5.61093420,5.71148750,5.90409070,5.74633100,5.66942320
17,4.80351210,4.97905450,5.02630220,4.86218740,4.97848770,4.72731880,4.69804230,4.66667990,4.67346650
18,5.77352640,5.63420640,5.34445020,5.57563890,5.64193190,5.43827930,5.40061850,5.24660430,5.29509690
19,6.91476190,6.19749970,6.04023540,6.43470180,6.06379600,6.24656380,6.33032400,6.18195790,6.13504900
20,5.88019840,5.53680250,5.70606310,5.81641330,5.53555760,5.65651380,5.60432100,5.54156300,5.48040040
21,6.53884710,6.00677450,5.65288180,5.79794610,5.94211330,5.70446560,5.66648360,5.45829560,5.68419900
22,5.29147690,5.39274040,5.26806910,5.26247330,5.51020100,5.26947490,5.21487250,5.09260990,5.23184780
