,10 years,20 years,30 years,40 years,50 years,60 years,70 years,80 years,91 years
0,6.99476399,7.26092640,7.21319535,7.23177061,7.23732034,7.07434664,7.04585182,7.16896873,6.91505550
1,7.32797511,7.54791486,7.66254965,7.63281991,7.73544372,7.54471004,7.56258292,7.66620114,7.74342125
2,7.80398799,7.69881536,7.76948875,7.80951551,7.75328972,7.37423064,7.42004126,7.58569087,7.59985745
3,7.25327591,7.77449026,7.73250035,7.64471781,7.62672714,7.47220674,7.56510922,7.65592651,7.33411830
4,7.30120071,7.34405028,7.36527845,7.37624401,7.14769352,7.14793404,7.22656284,7.06206412,6.37537470
5,7.15302131,7.65186266,7.65341685,7.68178031,7.62010564,7.53092174,7.49568504,7.68532469,7.15418023
6,7.17218921,7.48943694,7.48151665,7.45242721,7.38424944,7.18687263,7.26680876,7.40591862,6.89382456
7,7.08599309,7.06140167,7.07961945,7.07752071,7.05205282,6.88820514,6.90207004,6.73581239,6.10727484
8,6.70133055,6.92985200,6.98674295,6.91847339,6.86985648,6.80547314,6.81300963,6.32621458,5.98250886
9,6.82417308,7.02751509,7.11416945,7.08043711,7.01549662,6.98739004,7.01645032,6.73778239,6.22642313
10,6.18790635,6.44212002,6.57659691,6.50179976,6.68632513,6.62233744,6.69640443,6.32192798,5.51318812
11,7.35515859,7.34379138,7.38849115,7.31685591,7.45951744,7.22095923,7.43591376,7.33716443,7.02832761
12,6.59983679,6.81300306,6.56791401,6.64884996,6.62443383,6.75383942,6.81920723,6.38895940,6.17146618
13,7.85640769,7.99822714,8.43447205,8.33207224,8.42693412,8.54671174,8.45199282,8.42236322,9.09088567
14,7.53284469,7.65319946,7.43488745,7.67243941,7.56906004,7.75696264,7.70326742,7.65190472,8.12616992
15,7.81762899,7.99490054,7.91959315,7.94642184,7.87399342,7.93109224,8.00216182,8.00200052,8.67759763
16,7.30488691,7.59927036,7.49234285,7.64505901,7.33510244,7.48962264,7.64434582,7.58620547,7.91141742
17,6.19605805,6.60690612,6.71526082,6.54698916,6.70169993,6.38844584,6.42182983,6.18355446,5.55049732
18,7.27034251,7.27721400,7.17236695,7.30668261,7.30802994,7.04560574,7.01026552,7.29022689,7.20803619
19,8.00546641,8.13248824,7.71694085,8.11822214,8.05444612,7.86774394,7.91304862,8.05475552,8.68108497
20,7.14004581,7.42106066,7.37065665,7.74034781,7.44947254,7.38382024,7.21909714,7.33253343,7.25478297
21,7.92965631,7.61176336,7.41679895,7.54220281,7.58069194,7.30424596,7.36849446,7.35363057,7.71709131
22,6.61008309,6.99159415,6.99041535,7.00321579,7.10763832,6.87015344,6.81265253,7.10912737,6.76305499
