,10 years,20 years,30 years,40 years,50 years,60 years,70 years,80 years,91 years
0,7.14204563,7.47759814,7.27891880,7.69251709,7.33684383,7.11271136,7.06693276,7.11040464,6.78461475
1,7.35829903,7.78622468,7.70935107,7.18203281,7.64635848,7.58473035,7.54057486,8.06584951,7.67927468
2,7.76307976,7.78573078,7.71918337,7.73001882,7.61865958,7.46327486,7.35073708,7.75452147,7.51372571
3,7.43261383,7.81838639,7.68824025,7.20950921,7.57107517,7.50937366,7.60405066,7.50193795,7.23550244
4,7.25932444,7.46199970,7.32837096,7.08202017,7.30073343,7.12992916,7.28960996,7.20679819,6.71448920
5,7.35435883,7.61785888,7.61169432,7.20515931,7.51602467,7.55537425,7.65508276,7.53714875,7.45950347
6,7.30829063,7.49949491,7.50046594,7.58309498,7.39968045,7.16459098,7.21715168,7.12311644,6.89061842
7,7.13717013,7.01920743,7.18683937,7.01815702,6.84943291,6.81671065,6.92946906,6.46471300,6.39232704
8,6.49263233,7.06189462,6.99378138,7.01893842,7.06596968,6.72460411,6.76277544,6.08890505,6.02246151
9,6.55496743,7.24032395,7.01478467,7.34955503,7.31830783,6.99354616,6.99526846,6.39487528,6.28564052
10,6.18134669,6.74392770,6.64396857,6.15360479,6.69959178,6.59157337,6.52520587,5.79903457,5.29515712
11,7.33848123,7.41866610,7.31451826,7.59082758,7.39004905,7.28781452,7.40136572,7.12239084,7.13708498
12,6.46225419,7.04236419,6.69246611,6.28666189,6.61565382,6.73330681,6.83830656,6.12385295,6.21827475
13,7.87743466,8.06904239,8.71919182,8.17539081,8.47396878,8.56187645,8.46271936,8.98294001,8.98027394
14,7.79394756,7.62405983,7.44528540,7.53097265,7.44179615,7.66254085,7.74387196,8.24226991,7.75453970
15,7.94259366,7.96297571,7.93015047,7.76224197,7.85104628,7.91577545,7.95895846,8.46296891,8.79766447
16,7.30450113,7.57688860,7.43774085,7.67078848,7.39850921,7.43327316,7.62432056,8.02116301,7.84079418
17,6.14145339,6.92748110,6.85948716,6.22758569,6.61241922,6.44910327,6.41827097,5.73724667,5.62648219
18,7.30276963,7.47058605,7.15770181,7.60598768,7.41211105,7.16006508,7.12084836,7.21581278,7.00855389
19,8.36878216,7.93754262,7.80989325,7.95827591,7.74462398,7.96834935,8.05055386,8.45678991,8.87602057
20,7.40944163,7.38984057,7.49665815,7.53373505,7.38535723,7.37829970,7.32455086,7.53618165,7.42053946
21,7.99286736,7.77943607,7.44680899,7.86949671,7.62294128,7.42625126,7.38671442,7.56829740,7.87364497
22,6.48212593,7.27041665,7.08610637,7.33787413,7.36000063,6.99126056,6.93510236,6.41941168,6.86793212
