,10 years,20 years,30 years,40 years,50 years,60 years,70 years,80 years,91 years
0,5.78582050,5.66713980,5.61265340,5.65801380,5.64969460,5.61501870,5.51439940,5.58177870,5.47817110
1,6.11903150,5.95412850,6.11298040,6.11748030,6.14781810,6.08538210,6.03113050,6.02017560,5.85880130
2,6.59504450,6.10502900,6.21991950,6.29417590,6.16566410,5.91490270,5.88858860,5.88816430,5.79283440
3,6.04433230,6.18070390,6.18293110,6.12937820,6.03910140,6.01287880,6.03365680,5.95233290,5.67072850
4,6.09225710,5.75026380,5.76473650,5.80248720,5.56006790,5.68860610,5.69511030,5.51406820,5.23019030
5,5.94407770,6.05807630,6.05287490,6.16644070,6.03247990,6.07159380,5.96423250,6.01010360,5.58804780
6,5.96324560,5.89565070,5.88097470,5.87867040,5.79662370,5.72754410,5.73535610,5.79829790,5.46841560
7,5.87704960,5.46761460,5.47907750,5.50376390,5.46442720,5.42887720,5.37061870,5.35013720,5.10699970
8,5.49238790,5.33606540,5.38620100,5.38076880,5.28223110,5.34614520,5.28155840,5.11586740,5.04967030
9,5.61522840,5.43372790,5.51362750,5.50668030,5.42787100,5.52806210,5.48499790,5.35210720,5.16174780
10,4.97896310,4.84833390,5.05530470,5.02634460,5.09870010,5.16301070,5.16495320,5.11158080,4.83401960
11,6.14621510,5.75000490,5.78794920,5.74309910,5.87189170,5.76163070,5.90446110,5.72349050,5.53021910
12,5.39089330,5.21921670,5.04662180,5.17339480,5.03680880,5.29451160,5.28775600,5.15349280,5.13649530
13,6.64746420,6.40444090,6.88490280,6.82826040,6.83930850,7.08738380,6.92054040,6.81361550,6.47795490
14,6.32390120,6.05941310,5.83434550,6.15709980,5.98143430,6.29763470,6.17181500,6.07218470,6.03467250
15,6.60868550,6.40111430,6.37002390,6.44261000,6.28636780,6.47176430,6.47070940,6.39325280,6.28805100
16,6.09594330,6.00548400,5.89180090,6.07130220,5.74747670,6.03029470,6.11289340,5.88867890,5.93599480
17,4.98711480,5.01312000,5.14919730,5.07153400,5.11407490,4.92911910,4.89037860,5.00080650,4.85116300
18,6.06139890,5.68342740,5.57182500,5.73292580,5.72040420,5.58627780,5.47881310,5.61049850,5.61279440
19,6.79652400,6.53870200,6.16737160,6.61441030,6.46682050,6.40841600,6.38159620,6.44600780,6.28965340
20,5.93110220,5.82727430,5.77011470,6.22500820,5.86184680,5.92449230,5.68764460,5.82359750,5.63427430
21,6.72071390,6.01797700,5.81625700,5.96844600,5.99306620,5.84491790,5.83704180,5.80964640,5.84670280
22,5.40113960,5.39780720,5.38987340,5.46551120,5.52001270,5.41082550,5.28120130,5.54475590,5.40832760
