,10 years,20 years,30 years,40 years,50 years,60 years,70 years,80 years,91 years
0,6.96355660,6.95072850,6.95582090,6.86746810,6.93737810,6.78174770,6.80784730,6.81511220,6.87336260
1,7.27471680,7.50753590,7.44411980,7.38191700,7.35304410,7.19564380,7.23986550,7.25277440,7.31337300
2,7.89090840,7.79476000,7.85148770,7.74846680,7.84397150,7.72941750,7.74868290,7.74626190,7.82755860
3,7.39910380,7.69940780,7.63287580,7.54706880,7.55340220,7.35304990,7.42017070,7.42075940,7.48915780
4,7.15548830,7.23627370,7.13658790,7.20084360,7.21763750,6.97705320,7.03538430,7.01674430,7.08167030
5,7.12987410,7.24314670,7.19746010,7.13596280,7.15913050,6.94528990,6.99548100,6.99602130,7.09920990
6,7.45254880,7.58901180,7.46285550,7.48960570,7.52666770,7.23970170,7.32074410,7.33263300,7.40366500
7,6.68975130,6.80533180,6.69305810,6.72571700,6.77975440,6.63992980,6.68181760,6.64198270,6.61536960
8,6.54774090,6.60851130,6.54705850,6.58537830,6.61248610,6.52122370,6.54435740,6.52355730,6.45268570
9,6.71279950,6.73297190,6.74546660,6.67979790,6.71556590,6.55068340,6.58268830,6.60532420,6.69654250
10,5.79006230,5.98669000,5.87718350,5.91078620,5.88974300,5.71779860,5.77915720,5.78956310,5.82579890
11,7.42458290,7.55166770,7.46169930,7.52070740,7.51228150,7.36468960,7.41218440,7.41398550,7.44626890
12,6.43622340,6.56596950,6.37529040,6.51337840,6.54599200,6.34972980,6.40536050,6.37139900,6.27323210
13,7.47237750,7.74790940,7.67695740,7.69992450,7.64076950,7.60666050,7.64461620,7.64299820,7.64571110
14,7.43604020,7.47128350,7.34365700,7.45339980,7.48728040,7.37572800,7.39568000,7.37080290,7.30371110
15,7.91575820,7.79532110,7.63963030,7.76565670,7.89023930,7.68556440,7.70620430,7.67691750,7.57678300
16,7.30902790,7.41443440,7.21760100,7.38455740,7.37925830,7.23256790,7.25723960,7.23324140,7.13373840
17,5.98690820,6.11768600,6.04735270,6.04171770,6.05570450,5.92784100,5.96579770,5.97764630,5.98976620
18,7.47575300,7.63486430,7.54144190,7.57888590,7.57529920,7.42591750,7.46845400,7.48305940,7.47385960
19,7.63078950,7.64688690,7.55031040,7.66023120,7.68329390,7.66985060,7.67056140,7.64475110,7.53875660
20,6.84132990,7.16260900,6.89491350,7.13242900,7.04244970,6.88847310,6.94614980,6.89882310,6.81831870
21,7.85887430,7.71490820,7.67200790,7.68797820,7.82509420,7.63298010,7.66979450,7.65757190,7.65469920
22,6.47153700,6.65430970,6.49972150,6.57181530,6.55808270,6.39444680,6.42660470,6.45642820,6.42405270
